20 34 34 20 35 33 20 34 34 20 35 34 20 32 35 20
32 33 20 30 30 20 30 30 20 30 32 20 44 38 20 35
36 20 34 32 20 34 46 20 35 38 20 32 30 20 32 30
0A 20 35 36 20 34 32 20 34 46 20 35 38 20 34 32
20 34 39 20 34 46 20 35 33 20 30 32 20 30 30 20
30 30 20 30 30 20 34 39 20 34 45 20 35 34 20 34
43 0A 20 32 38 20 30 35 20 31 30 20 32 30 20 35
42 20 38 30 20 34 34 20 34 32 20 34 37 20 33 30
20 30 31 20 30 42 20 30 30 20 33 30 20 30 41 20
30 34 0A 20 35 42 20 38 31 20 30 42 20 34 34 20
34 32 20 34 37 20 33 30 20 30 31 20 34 34 20 34
38 20 34 35 20 33 31 20 30 38 20 35 42 20 38 31
20 30 42 0A 20 34 34 20 34 32 20 34 37 20 33 30
20 30 32 20 34 34 20 34 38 20 34 35 20 33 32 20
31 30 20 35 42 20 38 31 20 30 42 20 34 34 20 34
32 20 34 37 0A 20 33 30 20 30 33 20 34 34 20 34
38 20 34 35 20 33 34 20 32 30 20 35 42 20 38 31
20 30 44 20 34 34 20 34 32 20 34 37 20 33 30 20
30 31 20 30 30 0A 20 30 38 20 34 34 20 34 33 20
34 38 20 35 32 20 30 38 20 31 34 20 30 43 20 34
38 20 34 35 20 35 38 20 35 46 20 30 31 20 37 30
20 36 38 20 34 34 0A 20 34 38 20 34 35 20 33 31
20 31 34 20 30 43 20 34 38 20 34 35 20 35 38 20
33 32 20 30 31 20 37 30 20 36 38 20 34 34 20 34
38 20 34 35 20 33 32 0A 20 31 34 20 30 43 20 34
38 20 34 35 20 35 38 20 33 34 20 30 31 20 37 30
20 36 38 20 34 34 20 34 38 20 34 35 20 33 34 20
31 34 20 30 43 20 35 33 0A 20 34 43 20 34 35 20
34 45 20 30 31 20 37 30 20 36 38 20 36 30 20 41
34 20 38 37 20 36 30 20 31 34 20 32 34 20 35 33
20 33 32 20 34 32 20 34 36 0A 20 30 39 20 37 30
20 36 38 20 36 30 20 37 32 20 35 33 20 34 43 20
34 35 20 34 45 20 36 30 20 30 31 20 36 30 20 30
38 20 34 32 20 35 35 20 34 36 0A 20 34 36 20 31
31 20 30 32 20 36 30 20 37 30 20 36 38 20 34 32
20 35 35 20 34 36 20 34 36 20 41 34 20 34 32 20
35 35 20 34 36 20 34 36 20 31 34 0A 20 31 31 20
34 44 20 34 39 20 34 45 20 35 46 20 30 32 20 41
30 20 30 36 20 39 35 20 36 38 20 36 39 20 41 34
20 36 38 20 41 31 20 30 33 20 41 34 0A 20 36 39
20 31 34 20 34 41 20 30 36 20 35 33 20 34 33 20
34 44 20 35 30 20 30 32 20 37 30 20 36 38 20 36
30 20 37 30 20 35 33 20 33 32 20 34 32 0A 20 34
36 20 36 30 20 36 30 20 37 30 20 35 33 20 33 32
20 34 32 20 34 36 20 36 39 20 36 31 20 37 30 20
30 30 20 36 34 20 37 30 20 35 33 20 34 43 0A 20
34 35 20 34 45 20 36 38 20 36 35 20 37 30 20 35
33 20 34 43 20 34 35 20 34 45 20 36 39 20 36 36
20 37 30 20 34 44 20 34 39 20 34 45 20 35 46 0A
20 36 35 20 36 36 20 36 37 20 41 32 20 32 34 20
39 35 20 36 34 20 36 37 20 37 30 20 38 33 20 38
38 20 36 30 20 36 34 20 30 30 20 36 32 20 37 30
0A 20 38 33 20 38 38 20 36 31 20 36 34 20 30 30
20 36 33 20 41 30 20 30 36 20 39 34 20 36 32 20
36 33 20 41 34 20 30 31 20 41 31 20 30 38 20 41
30 0A 20 30 36 20 39 35 20 36 32 20 36 33 20 41
34 20 46 46 20 37 35 20 36 34 20 41 30 20 30 36
20 39 35 20 36 34 20 36 35 20 41 34 20 30 31 20
41 31 0A 20 30 43 20 41 30 20 30 36 20 39 35 20
36 34 20 36 36 20 41 34 20 46 46 20 41 31 20 30
33 20 41 34 20 30 30 20 31 34 20 31 37 20 34 44
20 35 34 0A 20 34 33 20 34 38 20 30 32 20 37 30
20 36 38 20 36 30 20 37 30 20 36 39 20 36 31 20
37 30 20 35 33 20 34 33 20 34 44 20 35 30 20 36
30 20 36 31 0A 20 36 32 20 41 34 20 39 32 20 36
32 20 31 34 20 32 41 20 34 34 20 34 32 20 34 37
20 35 46 20 30 31 20 37 30 20 36 38 20 36 30 20
37 30 20 35 33 0A 20 33 32 20 34 32 20 34 36 20
36 30 20 36 31 20 37 30 20 38 37 20 36 31 20 36
30 20 37 36 20 36 30 20 37 30 20 30 30 20 36 32
20 41 32 20 31 30 0A 20 36 30 20 37 36 20 36 30
20 37 30 20 38 33 20 38 38 20 36 31 20 36 32 20
30 30 20 34 34 20 34 33 20 34 38 20 35 32 20 37
35 20 36 32 20 30 38 0A 20 34 44 20 35 33 20 35
37 20 35 36 20 46 46 20 31 34 20 34 31 20 32 34
20 34 44 20 35 33 20 35 37 20 34 45 20 30 30 20
41 30 20 30 44 20 39 32 0A 20 39 33 20 34 44 20
35 33 20 35 37 20 35 36 20 46 46 20 41 34 20 34
44 20 35 33 20 35 37 20 35 36 20 37 30 20 30 30
20 34 44 20 35 33 20 35 37 0A 20 35 36 20 34 34
20 34 32 20 34 37 20 35 46 20 30 44 20 35 46 20
34 46 20 35 33 20 33 41 20 32 30 20 30 30 20 34
34 20 34 32 20 34 37 20 35 46 0A 20 35 46 20 34
46 20 35 33 20 35 46 20 34 34 20 34 32 20 34 37
20 35 46 20 30 44 20 30 41 20 30 30 20 41 30 20
34 39 20 31 31 20 35 42 20 31 32 0A 20 35 46 20
34 46 20 35 33 20 34 39 20 30 30 20 34 34 20 34
32 20 34 37 20 35 46 20 30 44 20 35 46 20 34 46
20 35 33 20 34 39 20 32 30 20 36 35 0A 20 37 38
20 36 39 20 37 33 20 37 34 20 37 33 20 30 41 20
30 30 20 41 30 20 31 41 20 35 46 20 34 46 20 35
33 20 34 39 20 30 44 20 35 37 20 36 39 0A 20 36
45 20 36 34 20 36 46 20 37 37 20 37 33 20 32 30
20 33 32 20 33 30 20 33 30 20 33 31 20 30 30 20
37 30 20 30 41 20 30 34 20 34 44 20 35 33 0A 20
35 37 20 35 36 20 41 30 20 31 43 20 35 46 20 34
46 20 35 33 20 34 39 20 30 44 20 35 37 20 36 39
20 36 45 20 36 34 20 36 46 20 37 37 20 37 33 0A
20 32 30 20 33 32 20 33 30 20 33 30 20 33 31 20
32 45 20 33 31 20 30 30 20 37 30 20 30 41 20 30
35 20 34 44 20 35 33 20 35 37 20 35 36 20 41 30
0A 20 31 41 20 35 46 20 34 46 20 35 33 20 34 39
20 30 44 20 35 37 20 36 39 20 36 45 20 36 34 20
36 46 20 37 37 20 37 33 20 32 30 20 33 32 20 33
30 0A 20 33 30 20 33 36 20 30 30 20 37 30 20 30
41 20 30 36 20 34 44 20 35 33 20 35 37 20 35 36
20 41 30 20 31 41 20 35 46 20 34 46 20 35 33 20
34 39 0A 20 30 44 20 35 37 20 36 39 20 36 45 20
36 34 20 36 46 20 37 37 20 37 33 20 32 30 20 33
32 20 33 30 20 33 30 20 33 39 20 30 30 20 37 30
20 30 41 0A 20 30 37 20 34 44 20 35 33 20 35 37
20 35 36 20 41 30 20 31 41 20 35 46 20 34 46 20
35 33 20 34 39 20 30 44 20 35 37 20 36 39 20 36
45 20 36 34 0A 20 36 46 20 37 37 20 37 33 20 32
30 20 33 32 20 33 30 20 33 31 20 33 32 20 30 30
20 37 30 20 30 41 20 30 38 20 34 44 20 35 33 20
35 37 20 35 36 0A 20 41 30 20 31 41 20 35 46 20
34 46 20 35 33 20 34 39 20 30 44 20 35 37 20 36
39 20 36 45 20 36 34 20 36 46 20 37 37 20 37 33
20 32 30 20 33 32 0A 20 33 30 20 33 31 20 33 33
20 30 30 20 37 30 20 30 41 20 30 39 20 34 44 20
35 33 20 35 37 20 35 36 20 41 30 20 31 41 20 35
46 20 34 46 20 35 33 0A 20 34 39 20 30 44 20 35
37 20 36 39 20 36 45 20 36 34 20 36 46 20 37 37
20 37 33 20 32 30 20 33 32 20 33 30 20 33 31 20
33 35 20 30 30 20 37 30 0A 20 30 41 20 30 41 20
34 44 20 35 33 20 35 37 20 35 36 20 41 30 20 33
45 20 35 46 20 34 46 20 35 33 20 34 39 20 30 44
20 35 37 20 36 39 20 36 45 0A 20 36 34 20 36 46
20 37 37 20 37 33 20 32 30 20 33 32 20 33 30 20
33 30 20 33 36 20 32 30 20 35 33 20 35 30 20 33
32 20 30 30 20 34 34 20 34 32 0A 20 34 37 20 35
46 20 30 44 20 35 37 20 36 39 20 36 45 20 36 34
20 36 46 20 37 37 20 37 33 20 32 30 20 33 32 20
33 30 20 33 30 20 33 36 20 32 30 0A 20 35 33 20
35 30 20 33 32 20 32 30 20 37 33 20 37 35 20 37
30 20 37 30 20 36 46 20 37 32 20 37 34 20 36 35
20 36 34 20 30 41 20 30 30 20 37 30 0A 20 30 30
20 34 44 20 35 33 20 35 37 20 35 36 20 41 31 20
34 33 20 30 36 20 41 30 20 32 36 20 34 44 20 35
34 20 34 33 20 34 38 20 35 46 20 34 46 0A 20 35
33 20 35 46 20 30 44 20 34 44 20 36 39 20 36 33
20 37 32 20 36 46 20 37 33 20 36 46 20 36 36 20
37 34 20 32 30 20 35 37 20 36 39 20 36 45 0A 20
36 34 20 36 46 20 37 37 20 37 33 20 32 30 20 34
45 20 35 34 20 30 30 20 37 30 20 30 41 20 30 33
20 34 44 20 35 33 20 35 37 20 35 36 20 41 30 0A
20 33 39 20 34 44 20 35 34 20 34 33 20 34 38 20
35 46 20 34 46 20 35 33 20 35 46 20 30 44 20 34
44 20 36 39 20 36 33 20 37 32 20 36 46 20 37 33
0A 20 36 46 20 36 36 20 37 34 20 32 30 20 35 37
20 36 39 20 36 45 20 36 34 20 36 46 20 37 37 20
37 33 20 34 44 20 34 35 20 33 41 20 32 30 20 34
44 0A 20 36 39 20 36 43 20 36 43 20 36 35 20 36
45 20 36 45 20 36 39 20 37 35 20 36 44 20 32 30
20 34 35 20 36 34 20 36 39 20 37 34 20 36 39 20
36 46 0A 20 36 45 20 30 30 20 37 30 20 30 41 20
30 32 20 34 44 20 35 33 20 35 37 20 35 36 20 41
30 20 34 39 20 30 36 20 35 42 20 31 32 20 35 46
20 35 32 0A 20 34 35 20 35 36 20 30 30 20 34 34
20 34 32 20 34 37 20 35 46 20 30 44 20 35 46 20
35 32 20 34 35 20 35 36 20 33 41 20 32 30 20 30
30 20 34 38 0A 20 34 35 20 35 38 20 33 34 20 35
46 20 35 32 20 34 35 20 35 36 20 41 30 20 34 42
20 30 34 20 39 30 20 39 34 20 34 44 20 35 33 20
35 37 20 35 36 0A 20 30 30 20 39 34 20 35 46 20
35 32 20 34 35 20 35 36 20 30 41 20 30 32 20 41
30 20 33 41 20 39 35 20 34 44 20 35 33 20 35 37
20 35 36 20 30 41 0A 20 30 38 20 34 34 20 34 32
20 34 37 20 35 46 20 30 44 20 34 31 20 34 33 20
35 30 20 34 39 20 32 30 20 37 32 20 36 35 20 37
36 20 32 30 20 36 44 0A 20 36 39 20 37 33 20 36
44 20 36 31 20 37 34 20 36 33 20 36 38 20 32 43
20 32 30 20 36 45 20 36 46 20 37 34 20 32 30 20
36 31 20 32 30 20 34 44 0A 20 36 39 20 36 33 20
37 32 20 36 46 20 37 33 20 36 46 20 36 36 20 37
34 20 32 30 20 34 46 20 35 33 20 30 41 20 30 30
20 37 30 20 30 30 20 34 44 0A 20 35 33 20 35 37
20 35 36 20 34 34 20 34 32 20 34 37 20 35 46 20
30 44 20 34 34 20 36 35 20 37 34 20 36 35 20 37
32 20 36 44 20 36 39 20 36 45 0A 20 36 35 20 36
34 20 32 30 20 34 44 20 35 33 20 35 37 20 35 36
20 33 41 20 32 30 20 30 30 20 34 38 20 34 35 20
35 38 20 33 34 20 34 44 20 35 33 0A 20 35 37 20
35 36 20 41 34 20 34 44 20 35 33 20 35 37 20 35
36 20 30 38 20 35 30 20 34 39 20 34 33 20 34 44
20 30 30 20 31 34 20 32 31 20 35 46 0A 20 35 30
20 34 39 20 34 33 20 30 31 20 34 34 20 34 32 20
34 37 20 35 46 20 30 44 20 35 30 20 36 39 20 36
33 20 32 30 20 36 44 20 36 46 20 36 34 0A 20 36
35 20 33 41 20 32 30 20 30 30 20 34 38 20 34 35
20 35 38 20 33 34 20 36 38 20 37 30 20 36 38 20
35 30 20 34 39 20 34 33 20 34 44 20 35 42 0A 20
38 30 20 35 33 20 35 39 20 35 33 20 34 39 20 30
31 20 30 42 20 34 38 20 34 30 20 30 41 20 30 38
20 35 42 20 38 31 20 31 30 20 35 33 20 35 39 0A
20 35 33 20 34 39 20 30 33 20 34 39 20 34 34 20
35 38 20 33 30 20 32 30 20 34 34 20 34 31 20 35
34 20 33 30 20 32 30 20 35 42 20 38 36 20 34 38
0A 20 30 42 20 34 39 20 34 34 20 35 38 20 33 30
20 34 34 20 34 31 20 35 34 20 33 30 20 30 33 20
34 44 20 34 35 20 34 44 20 34 43 20 32 30 20 35
35 0A 20 34 39 20 34 46 20 34 31 20 32 30 20 35
35 20 34 38 20 35 30 20 35 34 20 32 30 20 35 35
20 35 33 20 34 44 20 34 33 20 32 30 20 35 35 20
34 36 0A 20 34 34 20 34 33 20 32 30 20 35 33 20
34 43 20 33 32 20 34 32 20 32 30 20 35 33 20 34
43 20 33 32 20 34 39 20 32 30 20 35 33 20 34 43
20 33 33 0A 20 34 32 20 32 30 20 35 33 20 34 43
20 33 33 20 34 39 20 32 30 20 35 30 20 34 44 20
34 45 20 34 45 20 32 30 20 35 35 20 35 32 20 35
34 20 34 33 0A 20 32 30 20 34 33 20 35 30 20 35
35 20 34 43 20 32 30 20 34 33 20 35 30 20 35 35
20 34 33 20 32 30 20 34 33 20 35 30 20 34 35 20
35 34 20 32 30 0A 20 34 33 20 35 30 20 34 35 20
35 36 20 32 30 20 34 45 20 34 39 20 34 33 20 34
31 20 32 30 20 34 38 20 34 34 20 34 31 20 34 31
20 32 30 20 35 30 0A 20 35 37 20 35 32 20 35 33
20 32 30 20 34 39 20 34 46 20 34 33 20 34 31 20
32 30 20 34 38 20 34 32 20 34 33 20 34 31 20 32
30 20 35 30 20 34 33 0A 20 34 39 20 34 32 20 32
30 20 35 30 20 34 33 20 34 39 20 34 43 20 32 30
20 35 33 20 34 43 20 33 30 20 34 32 20 32 30 20
35 33 20 34 43 20 33 30 0A 20 34 39 20 32 30 20
35 33 20 34 43 20 33 31 20 34 32 20 32 30 20 35
33 20 34 43 20 33 31 20 34 39 20 32 30 20 35 30
20 35 30 20 33 30 20 34 32 0A 20 32 30 20 35 30
20 35 30 20 33 30 20 34 39 20 32 30 20 35 30 20
35 30 20 33 31 20 34 32 20 32 30 20 35 30 20 35
30 20 33 31 20 34 39 20 32 30 0A 20 35 30 20 34
44 20 34 45 20 35 38 20 32 30 20 34 45 20 35 36
20 34 44 20 34 31 20 32 30 20 34 39 20 34 45 20
34 39 20 34 45 20 32 30 20 30 30 0A 20 34 30 20
42 45 20 35 36 20 34 31 20 34 39 20 34 45 20 32
30 20 31 30 20 38 38 20 38 44 20 30 31 20 35 46
20 35 33 20 34 32 20 35 46 20 31 34 0A 20 34 39
20 30 38 20 35 46 20 34 39 20 34 45 20 34 39 20
30 30 20 37 30 20 30 43 20 44 45 20 43 30 20 41
44 20 30 42 20 35 36 20 34 31 20 34 39 0A 20 34
45 20 34 34 20 34 32 20 34 37 20 35 46 20 30 44
20 34 44 20 34 35 20 34 44 20 34 43 20 33 41 20
32 30 20 30 30 20 34 38 20 34 35 20 35 38 0A 20
33 34 20 34 44 20 34 35 20 34 44 20 34 43 20 34
34 20 34 32 20 34 37 20 35 46 20 30 44 20 35 35
20 34 39 20 34 46 20 34 31 20 33 41 20 32 30 0A
20 30 30 20 34 38 20 34 35 20 35 38 20 33 34 20
35 35 20 34 39 20 34 46 20 34 31 20 34 34 20 34
32 20 34 37 20 35 46 20 30 44 20 35 35 20 34 38
0A 20 35 30 20 35 34 20 33 41 20 32 30 20 30 30
20 34 38 20 34 35 20 35 38 20 33 34 20 35 35 20
34 38 20 35 30 20 35 34 20 34 34 20 34 32 20 34
37 0A 20 35 46 20 30 44 20 35 35 20 35 33 20 34
44 20 34 33 20 33 41 20 32 30 20 30 30 20 34 38
20 34 35 20 35 38 20 33 34 20 35 35 20 35 33 20
34 44 0A 20 34 33 20 34 34 20 34 32 20 34 37 20
35 46 20 30 44 20 35 35 20 34 36 20 34 34 20 34
33 20 33 41 20 32 30 20 30 30 20 34 38 20 34 35
20 35 38 0A 20 33 34 20 35 35 20 34 36 20 34 34
20 34 33 20 34 34 20 34 32 20 34 37 20 35 46 20
30 44 20 35 30 20 34 44 20 34 45 20 34 45 20 33
41 20 32 30 0A 20 30 30 20 34 38 20 34 35 20 35
38 20 33 34 20 35 30 20 34 44 20 34 45 20 34 45
20 30 38 20 35 30 20 35 32 20 33 30 20 33 30 20
31 32 20 34 46 0A 20 36 43 20 37 38 20 31 32 20
30 44 20 30 34 20 30 43 20 46 46 20 46 46 20 30
32 20 30 30 20 30 30 20 34 43 20 34 45 20 34 42
20 34 32 20 30 30 0A 20 31 32 20 30 44 20 30 34
20 30 43 20 46 46 20 46 46 20 30 32 20 30 30 20
30 31 20 34 43 20 34 45 20 34 42 20 34 33 20 30
30 20 31 32 20 30 45 0A 20 30 34 20 30 43 20 46
46 20 46 46 20 30 32 20 30 30 20 30 41 20 30 32
20 34 43 20 34 45 20 34 42 20 34 34 20 30 30 20
31 32 20 30 45 20 30 34 0A 20 30 43 20 46 46 20
46 46 20 30 32 20 30 30 20 30 41 20 30 33 20 34
43 20 34 45 20 34 42 20 34 31 20 30 30 20 31 32
20 30 44 20 30 34 20 30 43 0A 20 46 46 20 46 46
20 30 33 20 30 30 20 30 30 20 34 43 20 34 45 20
34 42 20 34 33 20 30 30 20 31 32 20 30 44 20 30
34 20 30 43 20 46 46 20 46 46 0A 20 30 33 20 30
30 20 30 31 20 34 43 20 34 45 20 34 42 20 34 34
20 30 30 20 31 32 20 30 45 20 30 34 20 30 43 20
46 46 20 46 46 20 30 33 20 30 30 0A 20 30 41 20
30 32 20 34 43 20 34 45 20 34 42 20 34 31 20 30
30 20 31 32 20 30 45 20 30 34 20 30 43 20 46 46
20 46 46 20 30 33 20 30 30 20 30 41 0A 20 30 33
20 34 43 20 34 45 20 34 42 20 34 32 20 30 30 20
31 32 20 30 44 20 30 34 20 30 43 20 46 46 20 46
46 20 30 34 20 30 30 20 30 30 20 34 43 0A 20 34
45 20 34 42 20 34 34 20 30 30 20 31 32 20 30 44
20 30 34 20 30 43 20 46 46 20 46 46 20 30 34 20
30 30 20 30 31 20 34 43 20 34 45 20 34 42 0A 20
34 31 20 30 30 20 31 32 20 30 45 20 30 34 20 30
43 20 46 46 20 46 46 20 30 34 20 30 30 20 30 41
20 30 32 20 34 43 20 34 45 20 34 42 20 34 32 0A
20 30 30 20 31 32 20 30 45 20 30 34 20 30 43 20
46 46 20 46 46 20 30 34 20 30 30 20 30 41 20 30
33 20 34 43 20 34 45 20 34 42 20 34 33 20 30 30
0A 20 31 32 20 30 44 20 30 34 20 30 43 20 46 46
20 46 46 20 30 35 20 30 30 20 30 30 20 34 43 20
34 45 20 34 42 20 34 31 20 30 30 20 31 32 20 30
44 0A 20 30 34 20 30 43 20 46 46 20 46 46 20 30
35 20 30 30 20 30 31 20 34 43 20 34 45 20 34 42
20 34 32 20 30 30 20 31 32 20 30 45 20 30 34 20
30 43 0A 20 46 46 20 46 46 20 30 35 20 30 30 20
30 41 20 30 32 20 34 43 20 34 45 20 34 42 20 34
33 20 30 30 20 31 32 20 30 45 20 30 34 20 30 43
20 46 46 0A 20 46 46 20 30 35 20 30 30 20 30 41
20 30 33 20 34 43 20 34 45 20 34 42 20 34 34 20
30 30 20 31 32 20 30 44 20 30 34 20 30 43 20 46
46 20 46 46 0A 20 30 36 20 30 30 20 30 30 20 34
43 20 34 45 20 34 42 20 34 32 20 30 30 20 31 32
20 30 44 20 30 34 20 30 43 20 46 46 20 46 46 20
30 36 20 30 30 0A 20 30 31 20 34 43 20 34 45 20
34 42 20 34 33 20 30 30 20 31 32 20 30 45 20 30
34 20 30 43 20 46 46 20 46 46 20 30 36 20 30 30
20 30 41 20 30 32 0A 20 34 43 20 34 45 20 34 42
20 34 34 20 30 30 20 31 32 20 30 45 20 30 34 20
30 43 20 46 46 20 46 46 20 30 36 20 30 30 20 30
41 20 30 33 20 34 43 0A 20 34 45 20 34 42 20 34
31 20 30 30 20 31 32 20 30 44 20 30 34 20 30 43
20 46 46 20 46 46 20 30 37 20 30 30 20 30 30 20
34 43 20 34 45 20 34 42 0A 20 34 33 20 30 30 20
31 32 20 30 44 20 30 34 20 30 43 20 46 46 20 46
46 20 30 37 20 30 30 20 30 31 20 34 43 20 34 45
20 34 42 20 34 34 20 30 30 0A 20 31 32 20 30 45
20 30 34 20 30 43 20 46 46 20 46 46 20 30 37 20
30 30 20 30 41 20 30 32 20 34 43 20 34 45 20 34
42 20 34 31 20 30 30 20 31 32 0A 20 30 45 20 30
34 20 30 43 20 46 46 20 46 46 20 30 37 20 30 30
20 30 41 20 30 33 20 34 43 20 34 45 20 34 42 20
34 32 20 30 30 20 31 32 20 30 44 0A 20 30 34 20
30 43 20 46 46 20 46 46 20 30 38 20 30 30 20 30
30 20 34 43 20 34 45 20 34 42 20 34 34 20 30 30
20 31 32 20 30 44 20 30 34 20 30 43 0A 20 46 46
20 46 46 20 30 38 20 30 30 20 30 31 20 34 43 20
34 45 20 34 42 20 34 31 20 30 30 20 31 32 20 30
45 20 30 34 20 30 43 20 46 46 20 46 46 0A 20 30
38 20 30 30 20 30 41 20 30 32 20 34 43 20 34 45
20 34 42 20 34 32 20 30 30 20 31 32 20 30 45 20
30 34 20 30 43 20 46 46 20 46 46 20 30 38 0A 20
30 30 20 30 41 20 30 33 20 34 43 20 34 45 20 34
42 20 34 33 20 30 30 20 31 32 20 30 44 20 30 34
20 30 43 20 46 46 20 46 46 20 30 39 20 30 30 0A
20 30 30 20 34 43 20 34 45 20 34 42 20 34 31 20
30 30 20 31 32 20 30 44 20 30 34 20 30 43 20 46
46 20 46 46 20 30 39 20 30 30 20 30 31 20 34 43
0A 20 34 45 20 34 42 20 34 32 20 30 30 20 31 32
20 30 45 20 30 34 20 30 43 20 46 46 20 46 46 20
30 39 20 30 30 20 30 41 20 30 32 20 34 43 20 34
45 0A 20 34 42 20 34 33 20 30 30 20 31 32 20 30
45 20 30 34 20 30 43 20 46 46 20 46 46 20 30 39
20 30 30 20 30 41 20 30 33 20 34 43 20 34 45 20
34 42 0A 20 34 34 20 30 30 20 31 32 20 30 44 20
30 34 20 30 43 20 46 46 20 46 46 20 30 41 20 30
30 20 30 30 20 34 43 20 34 45 20 34 42 20 34 32
20 30 30 0A 20 31 32 20 30 44 20 30 34 20 30 43
20 46 46 20 46 46 20 30 41 20 30 30 20 30 31 20
34 43 20 34 45 20 34 42 20 34 33 20 30 30 20 31
32 20 30 45 0A 20 30 34 20 30 43 20 46 46 20 46
46 20 30 41 20 30 30 20 30 41 20 30 32 20 34 43
20 34 45 20 34 42 20 34 34 20 30 30 20 31 32 20
30 45 20 30 34 0A 20 30 43 20 46 46 20 46 46 20
30 41 20 30 30 20 30 41 20 30 33 20 34 43 20 34
45 20 34 42 20 34 31 20 30 30 20 31 32 20 30 44
20 30 34 20 30 43 0A 20 46 46 20 46 46 20 30 42
20 30 30 20 30 30 20 34 43 20 34 45 20 34 42 20
34 33 20 30 30 20 31 32 20 30 44 20 30 34 20 30
43 20 46 46 20 46 46 0A 20 30 42 20 30 30 20 30
31 20 34 43 20 34 45 20 34 42 20 34 34 20 30 30
20 31 32 20 30 45 20 30 34 20 30 43 20 46 46 20
46 46 20 30 42 20 30 30 0A 20 30 41 20 30 32 20
34 43 20 34 45 20 34 42 20 34 31 20 30 30 20 31
32 20 30 45 20 30 34 20 30 43 20 46 46 20 46 46
20 30 42 20 30 30 20 30 41 0A 20 30 33 20 34 43
20 34 45 20 34 42 20 34 32 20 30 30 20 31 32 20
30 44 20 30 34 20 30 43 20 46 46 20 46 46 20 30
43 20 30 30 20 30 30 20 34 43 0A 20 34 45 20 34
42 20 34 34 20 30 30 20 31 32 20 30 44 20 30 34
20 30 43 20 46 46 20 46 46 20 30 43 20 30 30 20
30 31 20 34 43 20 34 45 20 34 42 0A 20 34 31 20
30 30 20 31 32 20 30 45 20 30 34 20 30 43 20 46
46 20 46 46 20 30 43 20 30 30 20 30 41 20 30 32
20 34 43 20 34 45 20 34 42 20 34 32 0A 20 30 30
20 31 32 20 30 45 20 30 34 20 30 43 20 46 46 20
46 46 20 30 43 20 30 30 20 30 41 20 30 33 20 34
43 20 34 45 20 34 42 20 34 33 20 30 30 0A 20 31
32 20 30 44 20 30 34 20 30 43 20 46 46 20 46 46
20 30 44 20 30 30 20 30 30 20 34 43 20 34 45 20
34 42 20 34 31 20 30 30 20 31 32 20 30 44 0A 20
30 34 20 30 43 20 46 46 20 46 46 20 30 44 20 30
30 20 30 31 20 34 43 20 34 45 20 34 42 20 34 32
20 30 30 20 31 32 20 30 45 20 30 34 20 30 43 0A
20 46 46 20 46 46 20 30 44 20 30 30 20 30 41 20
30 32 20 34 43 20 34 45 20 34 42 20 34 33 20 30
30 20 31 32 20 30 45 20 30 34 20 30 43 20 46 46
0A 20 46 46 20 30 44 20 30 30 20 30 41 20 30 33
20 34 43 20 34 45 20 34 42 20 34 34 20 30 30 20
31 32 20 30 44 20 30 34 20 30 43 20 46 46 20 46
46 0A 20 30 45 20 30 30 20 30 30 20 34 43 20 34
45 20 34 42 20 34 32 20 30 30 20 31 32 20 30 44
20 30 34 20 30 43 20 46 46 20 46 46 20 30 45 20
30 30 0A 20 30 31 20 34 43 20 34 45 20 34 42 20
34 33 20 30 30 20 31 32 20 30 45 20 30 34 20 30
43 20 46 46 20 46 46 20 30 45 20 30 30 20 30 41
20 30 32 0A 20 34 43 20 34 45 20 34 42 20 34 34
20 30 30 20 31 32 20 30 45 20 30 34 20 30 43 20
46 46 20 46 46 20 30 45 20 30 30 20 30 41 20 30
33 20 34 43 0A 20 34 45 20 34 42 20 34 31 20 30
30 20 31 32 20 30 44 20 30 34 20 30 43 20 46 46
20 46 46 20 30 46 20 30 30 20 30 30 20 34 43 20
34 45 20 34 42 0A 20 34 33 20 30 30 20 31 32 20
30 44 20 30 34 20 30 43 20 46 46 20 46 46 20 30
46 20 30 30 20 30 31 20 34 43 20 34 45 20 34 42
20 34 34 20 30 30 0A 20 31 32 20 30 45 20 30 34
20 30 43 20 46 46 20 46 46 20 30 46 20 30 30 20
30 41 20 30 32 20 34 43 20 34 45 20 34 42 20 34
31 20 30 30 20 31 32 0A 20 30 45 20 30 34 20 30
43 20 46 46 20 46 46 20 30 46 20 30 30 20 30 41
20 30 33 20 34 43 20 34 45 20 34 42 20 34 32 20
30 30 20 31 32 20 30 44 0A 20 30 34 20 30 43 20
46 46 20 46 46 20 31 30 20 30 30 20 30 30 20 34
43 20 34 45 20 34 42 20 34 34 20 30 30 20 31 32
20 30 44 20 30 34 20 30 43 0A 20 46 46 20 46 46
20 31 30 20 30 30 20 30 31 20 34 43 20 34 45 20
34 42 20 34 31 20 30 30 20 31 32 20 30 45 20 30
34 20 30 43 20 46 46 20 46 46 0A 20 31 30 20 30
30 20 30 41 20 30 32 20 34 43 20 34 45 20 34 42
20 34 32 20 30 30 20 31 32 20 30 45 20 30 34 20
30 43 20 46 46 20 46 46 20 31 30 0A 20 30 30 20
30 41 20 30 33 20 34 43 20 34 45 20 34 42 20 34
33 20 30 30 20 31 32 20 30 44 20 30 34 20 30 43
20 46 46 20 46 46 20 31 31 20 30 30 0A 20 30 30
20 34 43 20 34 45 20 34 42 20 34 31 20 30 30 20
31 32 20 30 44 20 30 34 20 30 43 20 46 46 20 46
46 20 31 31 20 30 30 20 30 31 20 34 43 0A 20 34
45 20 34 42 20 34 32 20 30 30 20 31 32 20 30 45
20 30 34 20 30 43 20 46 46 20 46 46 20 31 31 20
30 30 20 30 41 20 30 32 20 34 43 20 34 45 0A 20
34 42 20 34 33 20 30 30 20 31 32 20 30 45 20 30
34 20 30 43 20 46 46 20 46 46 20 31 31 20 30 30
20 30 41 20 30 33 20 34 43 20 34 45 20 34 42 0A
20 34 34 20 30 30 20 31 32 20 30 44 20 30 34 20
30 43 20 46 46 20 46 46 20 31 32 20 30 30 20 30
30 20 34 43 20 34 45 20 34 42 20 34 32 20 30 30
0A 20 31 32 20 30 44 20 30 34 20 30 43 20 46 46
20 46 46 20 31 32 20 30 30 20 30 31 20 34 43 20
34 45 20 34 42 20 34 33 20 30 30 20 31 32 20 30
45 0A 20 30 34 20 30 43 20 46 46 20 46 46 20 31
32 20 30 30 20 30 41 20 30 32 20 34 43 20 34 45
20 34 42 20 34 34 20 30 30 20 31 32 20 30 45 20
30 34 0A 20 30 43 20 46 46 20 46 46 20 31 32 20
30 30 20 30 41 20 30 33 20 34 43 20 34 45 20 34
42 20 34 31 20 30 30 20 31 32 20 30 44 20 30 34
20 30 43 0A 20 46 46 20 46 46 20 31 33 20 30 30
20 30 30 20 34 43 20 34 45 20 34 42 20 34 33 20
30 30 20 31 32 20 30 44 20 30 34 20 30 43 20 46
46 20 46 46 0A 20 31 33 20 30 30 20 30 31 20 34
43 20 34 45 20 34 42 20 34 34 20 30 30 20 31 32
20 30 45 20 30 34 20 30 43 20 46 46 20 46 46 20
31 33 20 30 30 0A 20 30 41 20 30 32 20 34 43 20
34 45 20 34 42 20 34 31 20 30 30 20 31 32 20 30
45 20 30 34 20 30 43 20 46 46 20 46 46 20 31 33
20 30 30 20 30 41 0A 20 30 33 20 34 43 20 34 45
20 34 42 20 34 32 20 30 30 20 31 32 20 30 44 20
30 34 20 30 43 20 46 46 20 46 46 20 31 34 20 30
30 20 30 30 20 34 43 0A 20 34 45 20 34 42 20 34
34 20 30 30 20 31 32 20 30 44 20 30 34 20 30 43
20 46 46 20 46 46 20 31 34 20 30 30 20 30 31 20
34 43 20 34 45 20 34 42 0A 20 34 31 20 30 30 20
31 32 20 30 45 20 30 34 20 30 43 20 46 46 20 46
46 20 31 34 20 30 30 20 30 41 20 30 32 20 34 43
20 34 45 20 34 42 20 34 32 0A 20 30 30 20 31 32
20 30 45 20 30 34 20 30 43 20 46 46 20 46 46 20
31 34 20 30 30 20 30 41 20 30 33 20 34 43 20 34
45 20 34 42 20 34 33 20 30 30 0A 20 31 32 20 30
44 20 30 34 20 30 43 20 46 46 20 46 46 20 31 35
20 30 30 20 30 30 20 34 43 20 34 45 20 34 42 20
34 31 20 30 30 20 31 32 20 30 44 0A 20 30 34 20
30 43 20 46 46 20 46 46 20 31 35 20 30 30 20 30
31 20 34 43 20 34 45 20 34 42 20 34 32 20 30 30
20 31 32 20 30 45 20 30 34 20 30 43 0A 20 46 46
20 46 46 20 31 35 20 30 30 20 30 41 20 30 32 20
34 43 20 34 45 20 34 42 20 34 33 20 30 30 20 31
32 20 30 45 20 30 34 20 30 43 20 46 46 0A 20 46
46 20 31 35 20 30 30 20 30 41 20 30 33 20 34 43
20 34 45 20 34 42 20 34 34 20 30 30 20 31 32 20
30 44 20 30 34 20 30 43 20 46 46 20 46 46 0A 20
31 36 20 30 30 20 30 30 20 34 43 20 34 45 20 34
42 20 34 32 20 30 30 20 31 32 20 30 44 20 30 34
20 30 43 20 46 46 20 46 46 20 31 36 20 30 30 0A
20 30 31 20 34 43 20 34 45 20 34 42 20 34 33 20
30 30 20 31 32 20 30 45 20 30 34 20 30 43 20 46
46 20 46 46 20 31 36 20 30 30 20 30 41 20 30 32
0A 20 34 43 20 34 45 20 34 42 20 34 34 20 30 30
20 31 32 20 30 45 20 30 34 20 30 43 20 46 46 20
46 46 20 31 36 20 30 30 20 30 41 20 30 33 20 34
43 0A 20 34 45 20 34 42 20 34 31 20 30 30 20 31
32 20 30 44 20 30 34 20 30 43 20 46 46 20 46 46
20 31 37 20 30 30 20 30 30 20 34 43 20 34 45 20
34 42 0A 20 34 33 20 30 30 20 31 32 20 30 44 20
30 34 20 30 43 20 46 46 20 46 46 20 31 37 20 30
30 20 30 31 20 34 43 20 34 45 20 34 42 20 34 34
20 30 30 0A 20 31 32 20 30 45 20 30 34 20 30 43
20 46 46 20 46 46 20 31 37 20 30 30 20 30 41 20
30 32 20 34 43 20 34 45 20 34 42 20 34 31 20 30
30 20 31 32 0A 20 30 45 20 30 34 20 30 43 20 46
46 20 46 46 20 31 37 20 30 30 20 30 41 20 30 33
20 34 43 20 34 45 20 34 42 20 34 32 20 30 30 20
31 32 20 30 44 0A 20 30 34 20 30 43 20 46 46 20
46 46 20 31 38 20 30 30 20 30 30 20 34 43 20 34
45 20 34 42 20 34 34 20 30 30 20 31 32 20 30 44
20 30 34 20 30 43 0A 20 46 46 20 46 46 20 31 38
20 30 30 20 30 31 20 34 43 20 34 45 20 34 42 20
34 31 20 30 30 20 31 32 20 30 45 20 30 34 20 30
43 20 46 46 20 46 46 0A 20 31 38 20 30 30 20 30
41 20 30 32 20 34 43 20 34 45 20 34 42 20 34 32
20 30 30 20 31 32 20 30 45 20 30 34 20 30 43 20
46 46 20 46 46 20 31 38 0A 20 30 30 20 30 41 20
30 33 20 34 43 20 34 45 20 34 42 20 34 33 20 30
30 20 31 32 20 30 44 20 30 34 20 30 43 20 46 46
20 46 46 20 31 39 20 30 30 0A 20 30 30 20 34 43
20 34 45 20 34 42 20 34 31 20 30 30 20 31 32 20
30 44 20 30 34 20 30 43 20 46 46 20 46 46 20 31
39 20 30 30 20 30 31 20 34 43 0A 20 34 45 20 34
42 20 34 32 20 30 30 20 31 32 20 30 45 20 30 34
20 30 43 20 46 46 20 46 46 20 31 39 20 30 30 20
30 41 20 30 32 20 34 43 20 34 45 0A 20 34 42 20
34 33 20 30 30 20 31 32 20 30 45 20 30 34 20 30
43 20 46 46 20 46 46 20 31 39 20 30 30 20 30 41
20 30 33 20 34 43 20 34 45 20 34 42 0A 20 34 34
20 30 30 20 31 32 20 30 44 20 30 34 20 30 43 20
46 46 20 46 46 20 31 41 20 30 30 20 30 30 20 34
43 20 34 45 20 34 42 20 34 32 20 30 30 0A 20 31
32 20 30 44 20 30 34 20 30 43 20 46 46 20 46 46
20 31 41 20 30 30 20 30 31 20 34 43 20 34 45 20
34 42 20 34 33 20 30 30 20 31 32 20 30 45 0A 20
30 34 20 30 43 20 46 46 20 46 46 20 31 41 20 30
30 20 30 41 20 30 32 20 34 43 20 34 45 20 34 42
20 34 34 20 30 30 20 31 32 20 30 45 20 30 34 0A
20 30 43 20 46 46 20 46 46 20 31 41 20 30 30 20
30 41 20 30 33 20 34 43 20 34 45 20 34 42 20 34
31 20 30 30 20 31 32 20 30 44 20 30 34 20 30 43
0A 20 46 46 20 46 46 20 31 42 20 30 30 20 30 30
20 34 43 20 34 45 20 34 42 20 34 33 20 30 30 20
31 32 20 30 44 20 30 34 20 30 43 20 46 46 20 46
46 0A 20 31 42 20 30 30 20 30 31 20 34 43 20 34
45 20 34 42 20 34 34 20 30 30 20 31 32 20 30 45
20 30 34 20 30 43 20 46 46 20 46 46 20 31 42 20
30 30 0A 20 30 41 20 30 32 20 34 43 20 34 45 20
34 42 20 34 31 20 30 30 20 31 32 20 30 45 20 30
34 20 30 43 20 46 46 20 46 46 20 31 42 20 30 30
20 30 41 0A 20 30 33 20 34 43 20 34 45 20 34 42
20 34 32 20 30 30 20 31 32 20 30 44 20 30 34 20
30 43 20 46 46 20 46 46 20 31 43 20 30 30 20 30
30 20 34 43 0A 20 34 45 20 34 42 20 34 34 20 30
30 20 31 32 20 30 44 20 30 34 20 30 43 20 46 46
20 46 46 20 31 43 20 30 30 20 30 31 20 34 43 20
34 45 20 34 42 0A 20 34 31 20 30 30 20 31 32 20
30 45 20 30 34 20 30 43 20 46 46 20 46 46 20 31
43 20 30 30 20 30 41 20 30 32 20 34 43 20 34 45
20 34 42 20 34 32 0A 20 30 30 20 31 32 20 30 45
20 30 34 20 30 43 20 46 46 20 46 46 20 31 43 20
30 30 20 30 41 20 30 33 20 34 43 20 34 45 20 34
42 20 34 33 20 30 30 0A 20 31 32 20 30 44 20 30
34 20 30 43 20 46 46 20 46 46 20 31 44 20 30 30
20 30 30 20 34 43 20 34 45 20 34 42 20 34 31 20
30 30 20 31 32 20 30 44 0A 20 30 34 20 30 43 20
46 46 20 46 46 20 31 44 20 30 30 20 30 31 20 34
43 20 34 45 20 34 42 20 34 32 20 30 30 20 31 32
20 30 45 20 30 34 20 30 43 0A 20 46 46 20 46 46
20 31 44 20 30 30 20 30 41 20 30 32 20 34 43 20
34 45 20 34 42 20 34 33 20 30 30 20 31 32 20 30
45 20 30 34 20 30 43 20 46 46 0A 20 46 46 20 31
44 20 30 30 20 30 41 20 30 33 20 34 43 20 34 45
20 34 42 20 34 34 20 30 30 20 31 32 20 30 44 20
30 34 20 30 43 20 46 46 20 46 46 0A 20 31 45 20
30 30 20 30 30 20 34 43 20 34 45 20 34 42 20 34
32 20 30 30 20 31 32 20 30 44 20 30 34 20 30 43
20 46 46 20 46 46 20 31 45 20 30 30 0A 20 30 31
20 34 43 20 34 45 20 34 42 20 34 33 20 30 30 20
31 32 20 30 45 20 30 34 20 30 43 20 46 46 20 46
46 20 31 45 20 30 30 20 30 41 20 30 32 0A 20 34
43 20 34 45 20 34 42 20 34 34 20 30 30 20 31 32
20 30 45 20 30 34 20 30 43 20 46 46 20 46 46 20
31 45 20 30 30 20 30 41 20 30 33 20 34 43 0A 20
34 45 20 34 42 20 34 31 20 30 30 20 31 32 20 30
44 20 30 34 20 30 43 20 46 46 20 46 46 20 31 46
20 30 30 20 30 30 20 34 43 20 34 45 20 34 42 0A
20 34 33 20 30 30 20 31 32 20 30 44 20 30 34 20
30 43 20 46 46 20 46 46 20 31 46 20 30 30 20 30
31 20 34 43 20 34 45 20 34 42 20 34 34 20 30 30
0A 20 31 32 20 30 45 20 30 34 20 30 43 20 46 46
20 46 46 20 31 46 20 30 30 20 30 41 20 30 32 20
34 43 20 34 45 20 34 42 20 34 31 20 30 30 20 31
32 0A 20 30 45 20 30 34 20 30 43 20 46 46 20 46
46 20 31 46 20 30 30 20 30 41 20 30 33 20 34 43
20 34 45 20 34 42 20 34 32 20 30 30 20 30 38 20
35 30 0A 20 35 32 20 33 30 20 33 31 20 31 32 20
34 46 20 35 44 20 37 38 20 31 32 20 30 42 20 30
34 20 30 43 20 46 46 20 46 46 20 30 32 20 30 30
20 30 30 0A 20 30 30 20 30 41 20 31 32 20 31 32
20 30 42 20 30 34 20 30 43 20 46 46 20 46 46 20
30 32 20 30 30 20 30 31 20 30 30 20 30 41 20 31
33 20 31 32 0A 20 30 43 20 30 34 20 30 43 20 46
46 20 46 46 20 30 32 20 30 30 20 30 41 20 30 32
20 30 30 20 30 41 20 31 34 20 31 32 20 30 43 20
30 34 20 30 43 0A 20 46 46 20 46 46 20 30 32 20
30 30 20 30 41 20 30 33 20 30 30 20 30 41 20 31
35 20 31 32 20 30 42 20 30 34 20 30 43 20 46 46
20 46 46 20 30 33 0A 20 30 30 20 30 30 20 30 30
20 30 41 20 31 33 20 31 32 20 30 42 20 30 34 20
30 43 20 46 46 20 46 46 20 30 33 20 30 30 20 30
31 20 30 30 20 30 41 0A 20 31 34 20 31 32 20 30
43 20 30 34 20 30 43 20 46 46 20 46 46 20 30 33
20 30 30 20 30 41 20 30 32 20 30 30 20 30 41 20
31 35 20 31 32 20 30 43 0A 20 30 34 20 30 43 20
46 46 20 46 46 20 30 33 20 30 30 20 30 41 20 30
33 20 30 30 20 30 41 20 31 36 20 31 32 20 30 42
20 30 34 20 30 43 20 46 46 0A 20 46 46 20 30 34
20 30 30 20 30 30 20 30 30 20 30 41 20 31 34 20
31 32 20 30 42 20 30 34 20 30 43 20 46 46 20 46
46 20 30 34 20 30 30 20 30 31 0A 20 30 30 20 30
41 20 31 35 20 31 32 20 30 43 20 30 34 20 30 43
20 46 46 20 46 46 20 30 34 20 30 30 20 30 41 20
30 32 20 30 30 20 30 41 20 31 36 0A 20 31 32 20
30 43 20 30 34 20 30 43 20 46 46 20 46 46 20 30
34 20 30 30 20 30 41 20 30 33 20 30 30 20 30 41
20 31 37 20 31 32 20 30 42 20 30 34 0A 20 30 43
20 46 46 20 46 46 20 30 35 20 30 30 20 30 30 20
30 30 20 30 41 20 31 35 20 31 32 20 30 42 20 30
34 20 30 43 20 46 46 20 46 46 20 30 35 0A 20 30
30 20 30 31 20 30 30 20 30 41 20 31 36 20 31 32
20 30 43 20 30 34 20 30 43 20 46 46 20 46 46 20
30 35 20 30 30 20 30 41 20 30 32 20 30 30 0A 20
30 41 20 31 37 20 31 32 20 30 43 20 30 34 20 30
43 20 46 46 20 46 46 20 30 35 20 30 30 20 30 41
20 30 33 20 30 30 20 30 41 20 31 30 20 31 32 0A
20 30 42 20 30 34 20 30 43 20 46 46 20 46 46 20
30 36 20 30 30 20 30 30 20 30 30 20 30 41 20 31
36 20 31 32 20 30 42 20 30 34 20 30 43 20 46 46
0A 20 46 46 20 30 36 20 30 30 20 30 31 20 30 30
20 30 41 20 31 37 20 31 32 20 30 43 20 30 34 20
30 43 20 46 46 20 46 46 20 30 36 20 30 30 20 30
41 0A 20 30 32 20 30 30 20 30 41 20 31 30 20 31
32 20 30 43 20 30 34 20 30 43 20 46 46 20 46 46
20 30 36 20 30 30 20 30 41 20 30 33 20 30 30 20
30 41 0A 20 31 31 20 31 32 20 30 42 20 30 34 20
30 43 20 46 46 20 46 46 20 30 37 20 30 30 20 30
30 20 30 30 20 30 41 20 31 37 20 31 32 20 30 42
20 30 34 0A 20 30 43 20 46 46 20 46 46 20 30 37
20 30 30 20 30 31 20 30 30 20 30 41 20 31 30 20
31 32 20 30 43 20 30 34 20 30 43 20 46 46 20 46
46 20 30 37 0A 20 30 30 20 30 41 20 30 32 20 30
30 20 30 41 20 31 31 20 31 32 20 30 43 20 30 34
20 30 43 20 46 46 20 46 46 20 30 37 20 30 30 20
30 41 20 30 33 0A 20 30 30 20 30 41 20 31 32 20
31 32 20 30 42 20 30 34 20 30 43 20 46 46 20 46
46 20 30 38 20 30 30 20 30 30 20 30 30 20 30 41
20 31 30 20 31 32 0A 20 30 42 20 30 34 20 30 43
20 46 46 20 46 46 20 30 38 20 30 30 20 30 31 20
30 30 20 30 41 20 31 31 20 31 32 20 30 43 20 30
34 20 30 43 20 46 46 0A 20 46 46 20 30 38 20 30
30 20 30 41 20 30 32 20 30 30 20 30 41 20 31 32
20 31 32 20 30 43 20 30 34 20 30 43 20 46 46 20
46 46 20 30 38 20 30 30 0A 20 30 41 20 30 33 20
30 30 20 30 41 20 31 33 20 31 32 20 30 42 20 30
34 20 30 43 20 46 46 20 46 46 20 30 39 20 30 30
20 30 30 20 30 30 20 30 41 0A 20 31 31 20 31 32
20 30 42 20 30 34 20 30 43 20 46 46 20 46 46 20
30 39 20 30 30 20 30 31 20 30 30 20 30 41 20 31
32 20 31 32 20 30 43 20 30 34 0A 20 30 43 20 46
46 20 46 46 20 30 39 20 30 30 20 30 41 20 30 32
20 30 30 20 30 41 20 31 33 20 31 32 20 30 43 20
30 34 20 30 43 20 46 46 20 46 46 0A 20 30 39 20
30 30 20 30 41 20 30 33 20 30 30 20 30 41 20 31
34 20 31 32 20 30 42 20 30 34 20 30 43 20 46 46
20 46 46 20 30 41 20 30 30 20 30 30 0A 20 30 30
20 30 41 20 31 32 20 31 32 20 30 42 20 30 34 20
30 43 20 46 46 20 46 46 20 30 41 20 30 30 20 30
31 20 30 30 20 30 41 20 31 33 20 31 32 0A 20 30
43 20 30 34 20 30 43 20 46 46 20 46 46 20 30 41
20 30 30 20 30 41 20 30 32 20 30 30 20 30 41 20
31 34 20 31 32 20 30 43 20 30 34 20 30 43 0A 20
46 46 20 46 46 20 30 41 20 30 30 20 30 41 20 30
33 20 30 30 20 30 41 20 31 35 20 31 32 20 30 42
20 30 34 20 30 43 20 46 46 20 46 46 20 30 42 0A
20 30 30 20 30 30 20 30 30 20 30 41 20 31 33 20
31 32 20 30 42 20 30 34 20 30 43 20 46 46 20 46
46 20 30 42 20 30 30 20 30 31 20 30 30 20 30 41
0A 20 31 34 20 31 32 20 30 43 20 30 34 20 30 43
20 46 46 20 46 46 20 30 42 20 30 30 20 30 41 20
30 32 20 30 30 20 30 41 20 31 35 20 31 32 20 30
43 0A 20 30 34 20 30 43 20 46 46 20 46 46 20 30
42 20 30 30 20 30 41 20 30 33 20 30 30 20 30 41
20 31 36 20 31 32 20 30 42 20 30 34 20 30 43 20
46 46 0A 20 46 46 20 30 43 20 30 30 20 30 30 20
30 30 20 30 41 20 31 34 20 31 32 20 30 42 20 30
34 20 30 43 20 46 46 20 46 46 20 30 43 20 30 30
20 30 31 0A 20 30 30 20 30 41 20 31 35 20 31 32
20 30 43 20 30 34 20 30 43 20 46 46 20 46 46 20
30 43 20 30 30 20 30 41 20 30 32 20 30 30 20 30
41 20 31 36 0A 20 31 32 20 30 43 20 30 34 20 30
43 20 46 46 20 46 46 20 30 43 20 30 30 20 30 41
20 30 33 20 30 30 20 30 41 20 31 37 20 31 32 20
30 42 20 30 34 0A 20 30 43 20 46 46 20 46 46 20
30 44 20 30 30 20 30 30 20 30 30 20 30 41 20 31
35 20 31 32 20 30 42 20 30 34 20 30 43 20 46 46
20 46 46 20 30 44 0A 20 30 30 20 30 31 20 30 30
20 30 41 20 31 36 20 31 32 20 30 43 20 30 34 20
30 43 20 46 46 20 46 46 20 30 44 20 30 30 20 30
41 20 30 32 20 30 30 0A 20 30 41 20 31 37 20 31
32 20 30 43 20 30 34 20 30 43 20 46 46 20 46 46
20 30 44 20 30 30 20 30 41 20 30 33 20 30 30 20
30 41 20 31 30 20 31 32 0A 20 30 42 20 30 34 20
30 43 20 46 46 20 46 46 20 30 45 20 30 30 20 30
30 20 30 30 20 30 41 20 31 36 20 31 32 20 30 42
20 30 34 20 30 43 20 46 46 0A 20 46 46 20 30 45
20 30 30 20 30 31 20 30 30 20 30 41 20 31 37 20
31 32 20 30 43 20 30 34 20 30 43 20 46 46 20 46
46 20 30 45 20 30 30 20 30 41 0A 20 30 32 20 30
30 20 30 41 20 31 30 20 31 32 20 30 43 20 30 34
20 30 43 20 46 46 20 46 46 20 30 45 20 30 30 20
30 41 20 30 33 20 30 30 20 30 41 0A 20 31 31 20
31 32 20 30 42 20 30 34 20 30 43 20 46 46 20 46
46 20 30 46 20 30 30 20 30 30 20 30 30 20 30 41
20 31 37 20 31 32 20 30 42 20 30 34 0A 20 30 43
20 46 46 20 46 46 20 30 46 20 30 30 20 30 31 20
30 30 20 30 41 20 31 30 20 31 32 20 30 43 20 30
34 20 30 43 20 46 46 20 46 46 20 30 46 0A 20 30
30 20 30 41 20 30 32 20 30 30 20 30 41 20 31 31
20 31 32 20 30 43 20 30 34 20 30 43 20 46 46 20
46 46 20 30 46 20 30 30 20 30 41 20 30 33 0A 20
30 30 20 30 41 20 31 32 20 31 32 20 30 42 20 30
34 20 30 43 20 46 46 20 46 46 20 31 30 20 30 30
20 30 30 20 30 30 20 30 41 20 31 30 20 31 32 0A
20 30 42 20 30 34 20 30 43 20 46 46 20 46 46 20
31 30 20 30 30 20 30 31 20 30 30 20 30 41 20 31
31 20 31 32 20 30 43 20 30 34 20 30 43 20 46 46
0A 20 46 46 20 31 30 20 30 30 20 30 41 20 30 32
20 30 30 20 30 41 20 31 32 20 31 32 20 30 43 20
30 34 20 30 43 20 46 46 20 46 46 20 31 30 20 30
30 0A 20 30 41 20 30 33 20 30 30 20 30 41 20 31
33 20 31 32 20 30 42 20 30 34 20 30 43 20 46 46
20 46 46 20 31 31 20 30 30 20 30 30 20 30 30 20
30 41 0A 20 31 31 20 31 32 20 30 42 20 30 34 20
30 43 20 46 46 20 46 46 20 31 31 20 30 30 20 30
31 20 30 30 20 30 41 20 31 32 20 31 32 20 30 43
20 30 34 0A 20 30 43 20 46 46 20 46 46 20 31 31
20 30 30 20 30 41 20 30 32 20 30 30 20 30 41 20
31 33 20 31 32 20 30 43 20 30 34 20 30 43 20 46
46 20 46 46 0A 20 31 31 20 30 30 20 30 41 20 30
33 20 30 30 20 30 41 20 31 34 20 31 32 20 30 42
20 30 34 20 30 43 20 46 46 20 46 46 20 31 32 20
30 30 20 30 30 0A 20 30 30 20 30 41 20 31 32 20
31 32 20 30 42 20 30 34 20 30 43 20 46 46 20 46
46 20 31 32 20 30 30 20 30 31 20 30 30 20 30 41
20 31 33 20 31 32 0A 20 30 43 20 30 34 20 30 43
20 46 46 20 46 46 20 31 32 20 30 30 20 30 41 20
30 32 20 30 30 20 30 41 20 31 34 20 31 32 20 30
43 20 30 34 20 30 43 0A 20 46 46 20 46 46 20 31
32 20 30 30 20 30 41 20 30 33 20 30 30 20 30 41
20 31 35 20 31 32 20 30 42 20 30 34 20 30 43 20
46 46 20 46 46 20 31 33 0A 20 30 30 20 30 30 20
30 30 20 30 41 20 31 33 20 31 32 20 30 42 20 30
34 20 30 43 20 46 46 20 46 46 20 31 33 20 30 30
20 30 31 20 30 30 20 30 41 0A 20 31 34 20 31 32
20 30 43 20 30 34 20 30 43 20 46 46 20 46 46 20
31 33 20 30 30 20 30 41 20 30 32 20 30 30 20 30
41 20 31 35 20 31 32 20 30 43 0A 20 30 34 20 30
43 20 46 46 20 46 46 20 31 33 20 30 30 20 30 41
20 30 33 20 30 30 20 30 41 20 31 36 20 31 32 20
30 42 20 30 34 20 30 43 20 46 46 0A 20 46 46 20
31 34 20 30 30 20 30 30 20 30 30 20 30 41 20 31
34 20 31 32 20 30 42 20 30 34 20 30 43 20 46 46
20 46 46 20 31 34 20 30 30 20 30 31 0A 20 30 30
20 30 41 20 31 35 20 31 32 20 30 43 20 30 34 20
30 43 20 46 46 20 46 46 20 31 34 20 30 30 20 30
41 20 30 32 20 30 30 20 30 41 20 31 36 0A 20 31
32 20 30 43 20 30 34 20 30 43 20 46 46 20 46 46
20 31 34 20 30 30 20 30 41 20 30 33 20 30 30 20
30 41 20 31 37 20 31 32 20 30 42 20 30 34 0A 20
30 43 20 46 46 20 46 46 20 31 35 20 30 30 20 30
30 20 30 30 20 30 41 20 31 35 20 31 32 20 30 42
20 30 34 20 30 43 20 46 46 20 46 46 20 31 35 0A
20 30 30 20 30 31 20 30 30 20 30 41 20 31 36 20
31 32 20 30 43 20 30 34 20 30 43 20 46 46 20 46
46 20 31 35 20 30 30 20 30 41 20 30 32 20 30 30
0A 20 30 41 20 31 37 20 31 32 20 30 43 20 30 34
20 30 43 20 46 46 20 46 46 20 31 35 20 30 30 20
30 41 20 30 33 20 30 30 20 30 41 20 31 30 20 31
32 0A 20 30 42 20 30 34 20 30 43 20 46 46 20 46
46 20 31 36 20 30 30 20 30 30 20 30 30 20 30 41
20 31 36 20 31 32 20 30 42 20 30 34 20 30 43 20
46 46 0A 20 46 46 20 31 36 20 30 30 20 30 31 20
30 30 20 30 41 20 31 37 20 31 32 20 30 43 20 30
34 20 30 43 20 46 46 20 46 46 20 31 36 20 30 30
20 30 41 0A 20 30 32 20 30 30 20 30 41 20 31 30
20 31 32 20 30 43 20 30 34 20 30 43 20 46 46 20
46 46 20 31 36 20 30 30 20 30 41 20 30 33 20 30
30 20 30 41 0A 20 31 31 20 31 32 20 30 42 20 30
34 20 30 43 20 46 46 20 46 46 20 31 37 20 30 30
20 30 30 20 30 30 20 30 41 20 31 37 20 31 32 20
30 42 20 30 34 0A 20 30 43 20 46 46 20 46 46 20
31 37 20 30 30 20 30 31 20 30 30 20 30 41 20 31
30 20 31 32 20 30 43 20 30 34 20 30 43 20 46 46
20 46 46 20 31 37 0A 20 30 30 20 30 41 20 30 32
20 30 30 20 30 41 20 31 31 20 31 32 20 30 43 20
30 34 20 30 43 20 46 46 20 46 46 20 31 37 20 30
30 20 30 41 20 30 33 0A 20 30 30 20 30 41 20 31
32 20 31 32 20 30 42 20 30 34 20 30 43 20 46 46
20 46 46 20 31 38 20 30 30 20 30 30 20 30 30 20
30 41 20 31 30 20 31 32 0A 20 30 42 20 30 34 20
30 43 20 46 46 20 46 46 20 31 38 20 30 30 20 30
31 20 30 30 20 30 41 20 31 31 20 31 32 20 30 43
20 30 34 20 30 43 20 46 46 0A 20 46 46 20 31 38
20 30 30 20 30 41 20 30 32 20 30 30 20 30 41 20
31 32 20 31 32 20 30 43 20 30 34 20 30 43 20 46
46 20 46 46 20 31 38 20 30 30 0A 20 30 41 20 30
33 20 30 30 20 30 41 20 31 33 20 31 32 20 30 42
20 30 34 20 30 43 20 46 46 20 46 46 20 31 39 20
30 30 20 30 30 20 30 30 20 30 41 0A 20 31 31 20
31 32 20 30 42 20 30 34 20 30 43 20 46 46 20 46
46 20 31 39 20 30 30 20 30 31 20 30 30 20 30 41
20 31 32 20 31 32 20 30 43 20 30 34 0A 20 30 43
20 46 46 20 46 46 20 31 39 20 30 30 20 30 41 20
30 32 20 30 30 20 30 41 20 31 33 20 31 32 20 30
43 20 30 34 20 30 43 20 46 46 20 46 46 0A 20 31
39 20 30 30 20 30 41 20 30 33 20 30 30 20 30 41
20 31 34 20 31 32 20 30 42 20 30 34 20 30 43 20
46 46 20 46 46 20 31 41 20 30 30 20 30 30 0A 20
30 30 20 30 41 20 31 32 20 31 32 20 30 42 20 30
34 20 30 43 20 46 46 20 46 46 20 31 41 20 30 30
20 30 31 20 30 30 20 30 41 20 31 33 20 31 32 0A
20 30 43 20 30 34 20 30 43 20 46 46 20 46 46 20
31 41 20 30 30 20 30 41 20 30 32 20 30 30 20 30
41 20 31 34 20 31 32 20 30 43 20 30 34 20 30 43
0A 20 46 46 20 46 46 20 31 41 20 30 30 20 30 41
20 30 33 20 30 30 20 30 41 20 31 35 20 31 32 20
30 42 20 30 34 20 30 43 20 46 46 20 46 46 20 31
42 0A 20 30 30 20 30 30 20 30 30 20 30 41 20 31
33 20 31 32 20 30 42 20 30 34 20 30 43 20 46 46
20 46 46 20 31 42 20 30 30 20 30 31 20 30 30 20
30 41 0A 20 31 34 20 31 32 20 30 43 20 30 34 20
30 43 20 46 46 20 46 46 20 31 42 20 30 30 20 30
41 20 30 32 20 30 30 20 30 41 20 31 35 20 31 32
20 30 43 0A 20 30 34 20 30 43 20 46 46 20 46 46
20 31 42 20 30 30 20 30 41 20 30 33 20 30 30 20
30 41 20 31 36 20 31 32 20 30 42 20 30 34 20 30
43 20 46 46 0A 20 46 46 20 31 43 20 30 30 20 30
30 20 30 30 20 30 41 20 31 34 20 31 32 20 30 42
20 30 34 20 30 43 20 46 46 20 46 46 20 31 43 20
30 30 20 30 31 0A 20 30 30 20 30 41 20 31 35 20
31 32 20 30 43 20 30 34 20 30 43 20 46 46 20 46
46 20 31 43 20 30 30 20 30 41 20 30 32 20 30 30
20 30 41 20 31 36 0A 20 31 32 20 30 43 20 30 34
20 30 43 20 46 46 20 46 46 20 31 43 20 30 30 20
30 41 20 30 33 20 30 30 20 30 41 20 31 37 20 31
32 20 30 42 20 30 34 0A 20 30 43 20 46 46 20 46
46 20 31 44 20 30 30 20 30 30 20 30 30 20 30 41
20 31 35 20 31 32 20 30 42 20 30 34 20 30 43 20
46 46 20 46 46 20 31 44 0A 20 30 30 20 30 31 20
30 30 20 30 41 20 31 36 20 31 32 20 30 43 20 30
34 20 30 43 20 46 46 20 46 46 20 31 44 20 30 30
20 30 41 20 30 32 20 30 30 0A 20 30 41 20 31 37
20 31 32 20 30 43 20 30 34 20 30 43 20 46 46 20
46 46 20 31 44 20 30 30 20 30 41 20 30 33 20 30
30 20 30 41 20 31 30 20 31 32 0A 20 30 42 20 30
34 20 30 43 20 46 46 20 46 46 20 31 45 20 30 30
20 30 30 20 30 30 20 30 41 20 31 36 20 31 32 20
30 42 20 30 34 20 30 43 20 46 46 0A 20 46 46 20
31 45 20 30 30 20 30 31 20 30 30 20 30 41 20 31
37 20 31 32 20 30 43 20 30 34 20 30 43 20 46 46
20 46 46 20 31 45 20 30 30 20 30 41 0A 20 30 32
20 30 30 20 30 41 20 31 30 20 31 32 20 30 43 20
30 34 20 30 43 20 46 46 20 46 46 20 31 45 20 30
30 20 30 41 20 30 33 20 30 30 20 30 41 0A 20 31
31 20 31 32 20 30 42 20 30 34 20 30 43 20 46 46
20 46 46 20 31 46 20 30 30 20 30 30 20 30 30 20
30 41 20 31 37 20 31 32 20 30 42 20 30 34 0A 20
30 43 20 46 46 20 46 46 20 31 46 20 30 30 20 30
31 20 30 30 20 30 41 20 31 30 20 31 32 20 30 43
20 30 34 20 30 43 20 46 46 20 46 46 20 31 46 0A
20 30 30 20 30 41 20 30 32 20 30 30 20 30 41 20
31 31 20 31 32 20 30 43 20 30 34 20 30 43 20 46
46 20 46 46 20 31 46 20 30 30 20 30 41 20 30 33
0A 20 30 30 20 30 41 20 31 32 20 30 38 20 35 30
20 35 32 20 35 33 20 34 31 20 31 31 20 30 39 20
30 41 20 30 36 20 32 33 20 32 30 20 30 45 20 31
38 0A 20 37 39 20 30 30 20 30 38 20 35 30 20 35
32 20 35 33 20 34 32 20 31 31 20 30 39 20 30 41
20 30 36 20 32 33 20 32 30 20 30 45 20 31 38 20
37 39 0A 20 30 30 20 30 38 20 35 30 20 35 32 20
35 33 20 34 33 20 31 31 20 30 39 20 30 41 20 30
36 20 32 33 20 32 30 20 30 45 20 31 38 20 37 39
20 30 30 0A 20 30 38 20 35 30 20 35 32 20 35 33
20 34 34 20 31 31 20 30 39 20 30 41 20 30 36 20
32 33 20 32 30 20 30 45 20 31 38 20 37 39 20 30
30 20 35 42 0A 20 38 32 20 34 46 20 42 34 20 35
30 20 34 33 20 34 39 20 33 30 20 30 38 20 35 46
20 34 38 20 34 39 20 34 34 20 30 43 20 34 31 20
44 30 20 30 41 0A 20 30 33 20 31 34 20 30 42 20
35 46 20 34 31 20 34 34 20 35 32 20 30 30 20 41
34 20 34 38 20 34 32 20 34 33 20 34 31 20 30 38
20 35 46 20 34 32 0A 20 34 32 20 34 45 20 30 30
20 30 38 20 35 46 20 35 35 20 34 39 20 34 34 20
30 30 20 31 34 20 34 42 20 30 37 20 35 46 20 35
30 20 35 32 20 35 34 0A 20 30 30 20 41 30 20 33
44 20 39 33 20 39 30 20 35 30 20 34 39 20 34 33
20 34 44 20 35 35 20 34 39 20 34 46 20 34 31 20
30 30 20 34 34 20 34 32 0A 20 34 37 20 35 46 20
30 44 20 35 32 20 34 35 20 35 34 20 35 35 20 35
32 20 34 45 20 34 39 20 34 45 20 34 37 20 32 30
20 35 30 20 34 39 20 34 33 0A 20 30 41 20 30 30
20 37 30 20 30 30 20 35 45 20 32 45 20 35 33 20
34 32 20 35 32 20 34 37 20 34 31 20 35 30 20 34
34 20 34 35 20 37 30 20 30 30 0A 20 35 45 20 32
45 20 35 33 20 34 32 20 35 32 20 34 37 20 34 31
20 35 30 20 34 31 20 34 34 20 41 34 20 35 30 20
35 32 20 33 30 20 33 30 20 41 31 0A 20 33 35 20
34 34 20 34 32 20 34 37 20 35 46 20 30 44 20 35
32 20 34 35 20 35 34 20 35 35 20 35 32 20 34 45
20 34 39 20 34 45 20 34 37 20 32 30 0A 20 34 31
20 35 30 20 34 39 20 34 33 20 30 41 20 30 30 20
37 30 20 30 41 20 42 45 20 35 45 20 32 45 20 35
33 20 34 32 20 35 32 20 34 37 20 34 31 0A 20 35
30 20 34 34 20 34 35 20 37 30 20 30 41 20 45 46
20 35 45 20 32 45 20 35 33 20 34 32 20 35 32 20
34 37 20 34 31 20 35 30 20 34 31 20 34 34 0A 20
41 34 20 35 30 20 35 32 20 33 30 20 33 31 20 35
42 20 38 32 20 34 31 20 36 39 20 35 33 20 34 32
20 35 32 20 34 37 20 31 34 20 30 42 20 35 46 0A
20 34 31 20 34 34 20 35 32 20 30 30 20 41 34 20
34 39 20 34 46 20 34 33 20 34 31 20 35 42 20 38
30 20 35 30 20 34 33 20 34 39 20 34 33 20 30 32
0A 20 30 30 20 30 41 20 46 46 20 35 42 20 38 31
20 31 36 20 35 30 20 34 33 20 34 39 20 34 33 20
30 31 20 30 30 20 34 38 20 35 36 20 34 31 20 35
30 0A 20 34 31 20 34 34 20 30 38 20 30 30 20 34
30 20 31 38 20 34 31 20 35 30 20 34 34 20 34 35
20 30 38 20 35 42 20 38 32 20 34 39 20 30 37 20
35 45 0A 20 35 30 20 34 33 20 34 39 20 34 35 20
30 38 20 35 46 20 34 38 20 34 39 20 34 34 20 30
43 20 34 31 20 44 30 20 30 43 20 30 32 20 30 38
20 35 46 0A 20 35 35 20 34 39 20 34 34 20 30 41
20 31 31 20 30 38 20 34 33 20 35 32 20 35 33 20
35 46 20 31 31 20 31 31 20 30 41 20 30 45 20 38
36 20 30 39 0A 20 30 30 20 30 30 20 30 30 20 30
30 20 30 30 20 44 43 20 30 30 20 30 30 20 30 30
20 30 34 20 37 39 20 30 30 20 31 34 20 33 33 20
35 46 20 34 33 0A 20 35 32 20 35 33 20 30 30 20
38 41 20 34 33 20 35 32 20 35 33 20 35 46 20 30
41 20 30 34 20 34 32 20 34 31 20 35 33 20 33 31
20 38 41 20 34 33 0A 20 35 32 20 35 33 20 35 46
20 30 41 20 30 38 20 34 43 20 34 35 20 34 45 20
33 31 20 37 30 20 35 30 20 34 33 20 34 39 20 34
32 20 34 32 20 34 31 0A 20 35 33 20 33 31 20 37
30 20 35 30 20 34 33 20 34 39 20 34 43 20 34 43
20 34 35 20 34 45 20 33 31 20 41 34 20 34 33 20
35 32 20 35 33 20 35 46 0A 20 31 34 20 31 35 20
35 46 20 35 33 20 35 34 20 34 31 20 30 30 20 41
30 20 30 39 20 39 33 20 35 30 20 34 33 20 34 39
20 34 32 20 30 30 20 41 34 0A 20 30 30 20 41 31
20 30 34 20 41 34 20 30 41 20 30 46 20 35 42 20
38 32 20 33 37 20 35 30 20 35 33 20 33 32 20 34
42 20 30 38 20 35 46 20 34 38 0A 20 34 39 20 34
34 20 30 43 20 34 31 20 44 30 20 30 33 20 30 33
20 31 34 20 30 39 20 35 46 20 35 33 20 35 34 20
34 31 20 30 30 20 41 34 20 30 41 0A 20 30 46 20
30 38 20 35 46 20 34 33 20 35 32 20 35 33 20 31
31 20 31 38 20 30 41 20 31 35 20 34 37 20 30 31
20 36 30 20 30 30 20 36 30 20 30 30 0A 20 30 30
20 30 31 20 34 37 20 30 31 20 36 34 20 30 30 20
36 34 20 30 30 20 30 30 20 30 31 20 32 32 20 30
32 20 30 30 20 37 39 20 30 30 20 35 42 0A 20 38
32 20 33 35 20 34 34 20 34 44 20 34 31 20 34 33
20 30 38 20 35 46 20 34 38 20 34 39 20 34 34 20
30 43 20 34 31 20 44 30 20 30 32 20 30 30 0A 20
30 38 20 35 46 20 34 33 20 35 32 20 35 33 20 31
31 20 32 30 20 30 41 20 31 44 20 34 37 20 30 31
20 30 30 20 30 30 20 30 30 20 30 30 20 30 31 0A
20 31 30 20 34 37 20 30 31 20 38 30 20 30 30 20
38 30 20 30 30 20 30 31 20 31 30 20 34 37 20 30
31 20 43 30 20 30 30 20 43 30 20 30 30 20 30 31
0A 20 32 30 20 32 41 20 31 30 20 30 35 20 37 39
20 30 30 20 35 42 20 38 32 20 34 45 20 30 35 20
34 36 20 34 34 20 34 33 20 33 30 20 30 38 20 35
46 0A 20 34 38 20 34 39 20 34 34 20 30 43 20 34
31 20 44 30 20 30 37 20 30 30 20 31 34 20 30 42
20 35 46 20 35 33 20 35 34 20 34 31 20 30 30 20
41 34 0A 20 35 35 20 34 36 20 34 34 20 34 33 20
30 38 20 35 46 20 34 33 20 35 32 20 35 33 20 31
31 20 31 42 20 30 41 20 31 38 20 34 37 20 30 31
20 46 30 0A 20 30 33 20 46 30 20 30 33 20 30 31
20 30 36 20 34 37 20 30 31 20 46 37 20 30 33 20
46 37 20 30 33 20 30 31 20 30 31 20 32 32 20 34
30 20 30 30 0A 20 32 41 20 30 34 20 30 30 20 37
39 20 30 30 20 30 38 20 35 46 20 35 30 20 35 32
20 35 33 20 31 31 20 31 42 20 30 41 20 31 38 20
34 37 20 30 31 0A 20 46 30 20 30 33 20 46 30 20
30 33 20 30 31 20 30 36 20 34 37 20 30 31 20 46
37 20 30 33 20 46 37 20 30 33 20 30 31 20 30 31
20 32 32 20 34 30 0A 20 30 30 20 32 41 20 30 34
20 30 30 20 37 39 20 30 30 20 35 42 20 38 32 20
32 37 20 35 30 20 35 33 20 33 32 20 34 44 20 30
38 20 35 46 20 34 38 0A 20 34 39 20 34 34 20 30
43 20 34 31 20 44 30 20 30 46 20 30 33 20 31 34
20 30 39 20 35 46 20 35 33 20 35 34 20 34 31 20
30 30 20 41 34 20 30 41 0A 20 30 46 20 30 38 20
35 46 20 34 33 20 35 32 20 35 33 20 31 31 20 30
38 20 30 41 20 30 35 20 32 32 20 30 30 20 31 30
20 37 39 20 30 30 20 35 42 0A 20 38 32 20 34 42
20 30 42 20 35 45 20 34 43 20 35 30 20 35 34 20
33 30 20 30 38 20 35 46 20 34 38 20 34 39 20 34
34 20 30 43 20 34 31 20 44 30 0A 20 30 34 20 30
30 20 30 38 20 35 46 20 35 35 20 34 39 20 34 34
20 30 31 20 31 34 20 31 35 20 35 46 20 35 33 20
35 34 20 34 31 20 30 30 20 41 30 0A 20 30 39 20
39 33 20 35 30 20 35 30 20 33 30 20 34 32 20 30
30 20 41 34 20 30 30 20 41 31 20 30 34 20 41 34
20 30 41 20 30 46 20 30 38 20 34 33 0A 20 35 32
20 35 33 20 35 46 20 31 31 20 31 30 20 30 41 20
30 44 20 34 37 20 30 31 20 37 38 20 30 33 20 37
38 20 30 33 20 30 38 20 30 38 20 32 32 0A 20 38
30 20 30 30 20 37 39 20 30 30 20 31 34 20 34 37
20 30 37 20 35 46 20 34 33 20 35 32 20 35 33 20
30 30 20 38 42 20 34 33 20 35 32 20 35 33 0A 20
35 46 20 30 41 20 30 32 20 35 30 20 34 44 20 34
39 20 33 30 20 38 42 20 34 33 20 35 32 20 35 33
20 35 46 20 30 41 20 30 34 20 35 30 20 34 44 0A
20 34 31 20 33 30 20 38 42 20 34 33 20 35 32 20
35 33 20 35 46 20 30 41 20 30 36 20 35 30 20 34
31 20 34 43 20 33 30 20 38 42 20 34 33 20 35 32
0A 20 35 33 20 35 46 20 30 41 20 30 37 20 35 30
20 34 43 20 34 35 20 33 30 20 38 42 20 34 33 20
35 32 20 35 33 20 35 46 20 30 41 20 30 39 20 35
30 0A 20 34 39 20 35 31 20 33 30 20 37 30 20 35
30 20 35 30 20 33 30 20 34 32 20 35 30 20 34 44
20 34 39 20 33 30 20 37 30 20 35 30 20 35 30 20
33 30 0A 20 34 32 20 35 30 20 34 44 20 34 31 20
33 30 20 41 30 20 31 37 20 39 33 20 30 42 20 42
43 20 30 33 20 35 30 20 35 30 20 33 30 20 34 32
20 37 30 0A 20 30 41 20 30 34 20 35 30 20 34 31
20 34 43 20 33 30 20 37 30 20 30 41 20 30 34 20
35 30 20 34 43 20 34 35 20 33 30 20 37 39 20 30
31 20 35 30 0A 20 35 30 20 33 30 20 34 39 20 35
30 20 34 39 20 35 31 20 33 30 20 41 34 20 34 33
20 35 32 20 35 33 20 35 46 20 35 42 20 38 32 20
34 43 20 30 42 0A 20 35 45 20 34 43 20 35 30 20
35 34 20 33 31 20 30 38 20 35 46 20 34 38 20 34
39 20 34 34 20 30 43 20 34 31 20 44 30 20 30 34
20 30 30 20 30 38 0A 20 35 46 20 35 35 20 34 39
20 34 34 20 30 41 20 30 32 20 31 34 20 31 35 20
35 46 20 35 33 20 35 34 20 34 31 20 30 30 20 41
30 20 30 39 20 39 33 0A 20 35 30 20 35 30 20 33
31 20 34 32 20 30 30 20 41 34 20 30 30 20 41 31
20 30 34 20 41 34 20 30 41 20 30 46 20 30 38 20
34 33 20 35 32 20 35 33 0A 20 35 46 20 31 31 20
31 30 20 30 41 20 30 44 20 34 37 20 30 31 20 37
38 20 30 32 20 37 38 20 30 32 20 30 38 20 30 38
20 32 32 20 32 30 20 30 30 0A 20 37 39 20 30 30
20 31 34 20 34 37 20 30 37 20 35 46 20 34 33 20
35 32 20 35 33 20 30 30 20 38 42 20 34 33 20 35
32 20 35 33 20 35 46 20 30 41 0A 20 30 32 20 35
30 20 34 44 20 34 39 20 33 31 20 38 42 20 34 33
20 35 32 20 35 33 20 35 46 20 30 41 20 30 34 20
35 30 20 34 44 20 34 31 20 33 31 0A 20 38 42 20
34 33 20 35 32 20 35 33 20 35 46 20 30 41 20 30
36 20 35 30 20 34 31 20 34 43 20 33 31 20 38 42
20 34 33 20 35 32 20 35 33 20 35 46 0A 20 30 41
20 30 37 20 35 30 20 34 43 20 34 35 20 33 31 20
38 42 20 34 33 20 35 32 20 35 33 20 35 46 20 30
41 20 30 39 20 35 30 20 34 39 20 35 31 0A 20 33
31 20 37 30 20 35 30 20 35 30 20 33 31 20 34 32
20 35 30 20 34 44 20 34 39 20 33 31 20 37 30 20
35 30 20 35 30 20 33 31 20 34 32 20 35 30 0A 20
34 44 20 34 31 20 33 31 20 41 30 20 31 37 20 39
33 20 30 42 20 42 43 20 30 33 20 35 30 20 35 30
20 33 31 20 34 32 20 37 30 20 30 41 20 30 34 0A
20 35 30 20 34 31 20 34 43 20 33 31 20 37 30 20
30 41 20 30 34 20 35 30 20 34 43 20 34 35 20 33
31 20 37 39 20 30 31 20 35 30 20 35 30 20 33 31
0A 20 34 39 20 35 30 20 34 39 20 35 31 20 33 31
20 41 34 20 34 33 20 35 32 20 35 33 20 35 46 20
35 42 20 38 32 20 34 44 20 30 38 20 35 45 20 35
33 0A 20 35 32 20 34 43 20 33 30 20 30 38 20 35
46 20 34 38 20 34 39 20 34 34 20 30 43 20 34 31
20 44 30 20 30 35 20 30 31 20 30 38 20 35 46 20
35 35 0A 20 34 39 20 34 34 20 30 31 20 31 34 20
31 35 20 35 46 20 35 33 20 35 34 20 34 31 20 30
30 20 41 30 20 30 39 20 39 33 20 35 33 20 34 43
20 33 30 0A 20 34 32 20 30 30 20 41 34 20 30 30
20 41 31 20 30 34 20 41 34 20 30 41 20 30 46 20
30 38 20 34 33 20 35 32 20 35 33 20 35 46 20 31
31 20 31 30 0A 20 30 41 20 30 44 20 34 37 20 30
31 20 46 38 20 30 33 20 46 38 20 30 33 20 30 31
20 30 38 20 32 32 20 31 30 20 30 30 20 37 39 20
30 30 20 31 34 0A 20 34 39 20 30 34 20 35 46 20
34 33 20 35 32 20 35 33 20 30 30 20 38 42 20 34
33 20 35 32 20 35 33 20 35 46 20 30 41 20 30 32
20 34 44 20 34 39 0A 20 34 45 20 33 30 20 38 42
20 34 33 20 35 32 20 35 33 20 35 46 20 30 41 20
30 34 20 34 44 20 34 31 20 35 38 20 33 30 20 38
42 20 34 33 20 35 32 0A 20 35 33 20 35 46 20 30
41 20 30 39 20 34 39 20 35 32 20 35 31 20 33 30
20 37 30 20 35 33 20 34 43 20 33 30 20 34 32 20
34 44 20 34 39 20 34 45 0A 20 33 30 20 37 30 20
35 33 20 34 43 20 33 30 20 34 32 20 34 44 20 34
31 20 35 38 20 33 30 20 37 39 20 30 31 20 35 33
20 34 43 20 33 30 20 34 39 0A 20 34 39 20 35 32
20 35 31 20 33 30 20 41 34 20 34 33 20 35 32 20
35 33 20 35 46 20 35 42 20 38 32 20 34 45 20 30
38 20 35 45 20 35 33 20 35 32 0A 20 34 43 20 33
31 20 30 38 20 35 46 20 34 38 20 34 39 20 34 34
20 30 43 20 34 31 20 44 30 20 30 35 20 30 31 20
30 38 20 35 46 20 35 35 20 34 39 0A 20 34 34 20
30 41 20 30 32 20 31 34 20 31 35 20 35 46 20 35
33 20 35 34 20 34 31 20 30 30 20 41 30 20 30 39
20 39 33 20 35 33 20 34 43 20 33 31 0A 20 34 32
20 30 30 20 41 34 20 30 30 20 41 31 20 30 34 20
41 34 20 30 41 20 30 46 20 30 38 20 34 33 20 35
32 20 35 33 20 35 46 20 31 31 20 31 30 0A 20 30
41 20 30 44 20 34 37 20 30 31 20 46 38 20 30 32
20 46 38 20 30 32 20 30 31 20 30 38 20 32 32 20
30 38 20 30 30 20 37 39 20 30 30 20 31 34 0A 20
34 39 20 30 34 20 35 46 20 34 33 20 35 32 20 35
33 20 30 30 20 38 42 20 34 33 20 35 32 20 35 33
20 35 46 20 30 41 20 30 32 20 34 44 20 34 39 0A
20 34 45 20 33 31 20 38 42 20 34 33 20 35 32 20
35 33 20 35 46 20 30 41 20 30 34 20 34 44 20 34
31 20 35 38 20 33 31 20 38 42 20 34 33 20 35 32
0A 20 35 33 20 35 46 20 30 41 20 30 39 20 34 39
20 35 32 20 35 31 20 33 31 20 37 30 20 35 33 20
34 43 20 33 31 20 34 32 20 34 44 20 34 39 20 34
45 0A 20 33 31 20 37 30 20 35 33 20 34 43 20 33
31 20 34 32 20 34 44 20 34 31 20 35 38 20 33 31
20 37 39 20 30 31 20 35 33 20 34 43 20 33 31 20
34 39 0A 20 34 39 20 35 32 20 35 31 20 33 31 20
41 34 20 34 33 20 35 32 20 35 33 20 35 46 20 35
42 20 38 32 20 34 45 20 30 38 20 35 45 20 35 33
20 35 32 0A 20 34 43 20 33 32 20 30 38 20 35 46
20 34 38 20 34 39 20 34 34 20 30 43 20 34 31 20
44 30 20 30 35 20 30 31 20 30 38 20 35 46 20 35
35 20 34 39 0A 20 34 34 20 30 41 20 30 33 20 31
34 20 31 35 20 35 46 20 35 33 20 35 34 20 34 31
20 30 30 20 41 30 20 30 39 20 39 33 20 35 33 20
34 43 20 33 32 0A 20 34 32 20 30 30 20 41 34 20
30 30 20 41 31 20 30 34 20 41 34 20 30 41 20 30
46 20 30 38 20 34 33 20 35 32 20 35 33 20 35 46
20 31 31 20 31 30 0A 20 30 41 20 30 44 20 34 37
20 30 31 20 45 38 20 30 33 20 45 38 20 30 33 20
30 31 20 30 38 20 32 32 20 30 38 20 30 30 20 37
39 20 30 30 20 31 34 0A 20 34 39 20 30 34 20 35
46 20 34 33 20 35 32 20 35 33 20 30 30 20 38 42
20 34 33 20 35 32 20 35 33 20 35 46 20 30 41 20
30 32 20 34 44 20 34 39 0A 20 34 45 20 33 31 20
38 42 20 34 33 20 35 32 20 35 33 20 35 46 20 30
41 20 30 34 20 34 44 20 34 31 20 35 38 20 33 31
20 38 42 20 34 33 20 35 32 0A 20 35 33 20 35 46
20 30 41 20 30 39 20 34 39 20 35 32 20 35 31 20
33 31 20 37 30 20 35 33 20 34 43 20 33 32 20 34
32 20 34 44 20 34 39 20 34 45 0A 20 33 31 20 37
30 20 35 33 20 34 43 20 33 32 20 34 32 20 34 44
20 34 31 20 35 38 20 33 31 20 37 39 20 30 31 20
35 33 20 34 43 20 33 32 20 34 39 0A 20 34 39 20
35 32 20 35 31 20 33 31 20 41 34 20 34 33 20 35
32 20 35 33 20 35 46 20 35 42 20 38 32 20 34 45
20 30 38 20 35 45 20 35 33 20 35 32 0A 20 34 43
20 33 33 20 30 38 20 35 46 20 34 38 20 34 39 20
34 34 20 30 43 20 34 31 20 44 30 20 30 35 20 30
31 20 30 38 20 35 46 20 35 35 20 34 39 0A 20 34
34 20 30 41 20 30 34 20 31 34 20 31 35 20 35 46
20 35 33 20 35 34 20 34 31 20 30 30 20 41 30 20
30 39 20 39 33 20 35 33 20 34 43 20 33 33 0A 20
34 32 20 30 30 20 41 34 20 30 30 20 41 31 20 30
34 20 41 34 20 30 41 20 30 46 20 30 38 20 34 33
20 35 32 20 35 33 20 35 46 20 31 31 20 31 30 0A
20 30 41 20 30 44 20 34 37 20 30 31 20 45 38 20
30 32 20 45 38 20 30 32 20 30 31 20 30 38 20 32
32 20 30 38 20 30 30 20 37 39 20 30 30 20 31 34
0A 20 34 39 20 30 34 20 35 46 20 34 33 20 35 32
20 35 33 20 30 30 20 38 42 20 34 33 20 35 32 20
35 33 20 35 46 20 30 41 20 30 32 20 34 44 20 34
39 0A 20 34 45 20 33 31 20 38 42 20 34 33 20 35
32 20 35 33 20 35 46 20 30 41 20 30 34 20 34 44
20 34 31 20 35 38 20 33 31 20 38 42 20 34 33 20
35 32 0A 20 35 33 20 35 46 20 30 41 20 30 39 20
34 39 20 35 32 20 35 31 20 33 31 20 37 30 20 35
33 20 34 43 20 33 33 20 34 32 20 34 44 20 34 39
20 34 45 0A 20 33 31 20 37 30 20 35 33 20 34 43
20 33 33 20 34 32 20 34 44 20 34 31 20 35 38 20
33 31 20 37 39 20 30 31 20 35 33 20 34 43 20 33
33 20 34 39 0A 20 34 39 20 35 32 20 35 31 20 33
31 20 41 34 20 34 33 20 35 32 20 35 33 20 35 46
20 35 42 20 38 32 20 32 41 20 35 34 20 34 39 20
34 44 20 35 32 0A 20 30 38 20 35 46 20 34 38 20
34 39 20 34 34 20 30 43 20 34 31 20 44 30 20 30
31 20 30 30 20 30 38 20 35 46 20 34 33 20 35 32
20 35 33 20 31 31 0A 20 31 35 20 30 41 20 31 32
20 34 37 20 30 31 20 34 30 20 30 30 20 34 30 20
30 30 20 30 30 20 30 34 20 34 37 20 30 31 20 35
30 20 30 30 20 35 30 0A 20 30 30 20 31 30 20 30
34 20 37 39 20 30 30 20 35 42 20 38 32 20 32 42
20 35 30 20 34 39 20 34 33 20 35 46 20 30 38 20
35 46 20 34 38 20 34 39 0A 20 34 34 20 30 42 20
34 31 20 44 30 20 30 38 20 35 46 20 34 33 20 35
32 20 35 33 20 31 31 20 31 38 20 30 41 20 31 35
20 34 37 20 30 31 20 32 30 0A 20 30 30 20 32 30
20 30 30 20 30 30 20 30 32 20 34 37 20 30 31 20
41 30 20 30 30 20 41 30 20 30 30 20 30 30 20 30
32 20 32 32 20 30 34 20 30 30 0A 20 37 39 20 30
30 20 35 42 20 38 32 20 32 45 20 35 32 20 35 34
20 34 33 20 35 46 20 30 38 20 35 46 20 34 38 20
34 39 20 34 34 20 30 43 20 34 31 0A 20 44 30 20
30 42 20 30 30 20 30 38 20 35 46 20 34 33 20 35
32 20 35 33 20 31 31 20 30 44 20 30 41 20 30 41
20 34 37 20 30 31 20 37 30 20 30 30 0A 20 37 30
20 30 30 20 30 31 20 30 32 20 37 39 20 30 30 20
31 34 20 30 42 20 35 46 20 35 33 20 35 34 20 34
31 20 30 30 20 41 34 20 35 35 20 35 32 0A 20 35
34 20 34 33 20 35 42 20 38 32 20 34 35 20 30 35
20 34 38 20 35 30 20 34 35 20 35 34 20 30 38 20
35 46 20 34 38 20 34 39 20 34 34 20 30 43 0A 20
34 31 20 44 30 20 30 31 20 30 33 20 30 38 20 35
46 20 34 33 20 34 39 20 34 34 20 30 43 20 34 31
20 44 30 20 30 43 20 30 31 20 30 38 20 35 46 0A
20 35 35 20 34 39 20 34 34 20 30 30 20 31 34 20
30 42 20 35 46 20 35 33 20 35 34 20 34 31 20 30
30 20 41 34 20 35 35 20 34 38 20 35 30 20 35 34
0A 20 30 38 20 34 33 20 35 32 20 35 33 20 35 46
20 31 31 20 31 37 20 30 41 20 31 34 20 32 32 20
30 31 20 30 30 20 32 32 20 30 30 20 30 31 20 38
36 0A 20 30 39 20 30 30 20 30 31 20 30 30 20 30
30 20 44 30 20 46 45 20 30 30 20 30 34 20 30 30
20 30 30 20 37 39 20 30 30 20 31 34 20 30 42 20
35 46 0A 20 34 33 20 35 32 20 35 33 20 30 30 20
41 34 20 34 33 20 35 32 20 35 33 20 35 46 20 35
42 20 38 32 20 34 44 20 30 34 20 35 33 20 34 44
20 34 33 0A 20 35 46 20 30 38 20 35 46 20 34 38
20 34 39 20 34 34 20 30 43 20 30 36 20 31 30 20
30 30 20 30 31 20 30 38 20 35 46 20 34 33 20 34
39 20 34 34 0A 20 30 44 20 37 33 20 36 44 20 36
33 20 32 44 20 36 45 20 36 31 20 37 30 20 36 31
20 30 30 20 31 34 20 30 42 20 35 46 20 35 33 20
35 34 20 34 31 0A 20 30 30 20 41 34 20 35 35 20
35 33 20 34 44 20 34 33 20 30 38 20 34 33 20 35
32 20 35 33 20 35 46 20 31 31 20 31 30 20 30 41
20 30 44 20 34 37 0A 20 30 31 20 30 30 20 30 33
20 30 30 20 30 33 20 30 31 20 32 30 20 32 32 20
34 30 20 30 30 20 37 39 20 30 30 20 31 34 20 30
42 20 35 46 20 34 33 0A 20 35 32 20 35 33 20 30
30 20 41 34 20 34 33 20 35 32 20 35 33 20 35 46
20 35 42 20 38 32 20 33 36 20 35 33 20 35 33 20
34 34 20 33 30 20 31 34 0A 20 30 42 20 35 46 20
34 31 20 34 34 20 35 32 20 30 30 20 41 34 20 34
45 20 35 36 20 34 44 20 34 31 20 31 34 20 31 35
20 35 46 20 35 33 20 35 34 0A 20 34 31 20 30 30
20 41 30 20 30 39 20 39 33 20 34 45 20 35 36 20
34 44 20 34 31 20 30 30 20 41 34 20 30 30 20 41
31 20 30 34 20 41 34 20 30 41 0A 20 30 46 20 35
42 20 38 32 20 30 44 20 35 30 20 35 32 20 35 34
20 33 30 20 30 38 20 35 46 20 34 31 20 34 34 20
35 32 20 30 42 20 46 46 20 46 46 0A 20 35 42 20
38 32 20 33 31 20 34 37 20 34 39 20 34 37 20 34
35 20 30 38 20 35 46 20 34 38 20 34 39 20 34 34
20 30 43 20 34 31 20 44 30 20 38 33 0A 20 39 30
20 31 34 20 30 42 20 35 46 20 34 31 20 34 34 20
35 32 20 30 30 20 41 34 20 34 45 20 34 39 20 34
33 20 34 31 20 31 34 20 31 35 20 35 46 0A 20 35
33 20 35 34 20 34 31 20 30 30 20 41 30 20 30 39
20 39 33 20 34 45 20 34 39 20 34 33 20 34 31 20
30 30 20 41 34 20 30 30 20 41 31 20 30 34 0A 20
41 34 20 30 41 20 30 46 20 35 42 20 38 32 20 34
37 20 30 37 20 34 37 20 34 36 20 35 38 20 33 30
20 30 38 20 35 46 20 34 31 20 34 34 20 35 32 0A
20 30 43 20 30 30 20 30 30 20 30 32 20 30 30 20
31 34 20 31 44 20 35 46 20 35 33 20 35 34 20 34
31 20 30 30 20 41 30 20 31 31 20 39 30 20 39 34
0A 20 34 44 20 35 33 20 35 37 20 34 45 20 30 30
20 39 35 20 34 44 20 35 33 20 35 37 20 34 45 20
30 41 20 30 38 20 41 34 20 30 30 20 41 31 20 30
34 0A 20 41 34 20 30 41 20 30 46 20 31 30 20 31
46 20 35 43 20 35 46 20 34 37 20 35 30 20 34 35
20 31 34 20 31 38 20 35 46 20 34 43 20 33 30 20
33 32 0A 20 30 30 20 38 36 20 35 43 20 32 46 20
30 33 20 35 46 20 35 33 20 34 32 20 35 46 20 35
30 20 34 33 20 34 39 20 33 30 20 34 37 20 34 36
20 35 38 0A 20 33 30 20 30 41 20 38 31 20 31 34
20 30 36 20 35 46 20 34 34 20 34 46 20 35 33 20
30 31 20 31 34 20 30 46 20 35 46 20 34 34 20 34
46 20 34 34 0A 20 30 30 20 41 34 20 31 32 20 30
37 20 30 31 20 30 43 20 30 30 20 30 31 20 30 30
20 38 30 20 35 42 20 38 32 20 31 30 20 35 36 20
34 37 20 34 31 0A 20 35 46 20 31 34 20 30 41 20
35 46 20 34 31 20 34 34 20 35 32 20 30 38 20 41
34 20 30 42 20 30 30 20 30 31 20 35 42 20 38 32
20 34 37 20 30 39 0A 20 34 38 20 34 34 20 34 35
20 34 36 20 31 34 20 34 45 20 30 36 20 35 46 20
34 34 20 35 33 20 34 44 20 30 34 20 37 30 20 31
32 20 32 42 20 30 34 0A 20 30 44 20 36 43 20 36
31 20 37 39 20 36 46 20 37 35 20 37 34 20 32 44
20 36 39 20 36 34 20 30 30 20 31 31 20 30 37 20
30 41 20 30 34 20 30 34 0A 20 30 30 20 30 30 20
30 30 20 30 44 20 35 30 20 36 39 20 36 45 20 34
33 20 36 46 20 36 45 20 36 36 20 36 39 20 36 37
20 37 35 20 37 32 20 36 31 0A 20 37 34 20 36 39
20 36 46 20 36 45 20 37 33 20 30 30 20 31 31 20
30 32 20 30 30 20 36 30 20 41 30 20 33 30 20 39
33 20 36 38 20 31 31 20 31 33 0A 20 30 41 20 31
30 20 43 36 20 42 37 20 42 35 20 41 30 20 31 38
20 31 33 20 31 43 20 34 34 20 42 30 20 43 39 20
46 45 20 36 39 20 35 45 20 41 46 0A 20 39 34 20
39 42 20 41 30 20 31 38 20 39 33 20 36 39 20 30
31 20 41 30 20 30 43 20 39 33 20 36 41 20 30 30
20 37 30 20 31 31 20 30 33 20 30 31 0A 20 30 33
20 36 30 20 41 34 20 36 30 20 41 30 20 30 36 20
39 33 20 36 41 20 30 31 20 41 34 20 36 30 20 37
30 20 31 31 20 30 33 20 30 31 20 30 30 0A 20 36
30 20 41 34 20 36 30 20 31 34 20 30 42 20 35 46
20 34 31 20 34 34 20 35 32 20 30 30 20 41 34 20
34 38 20 34 34 20 34 31 20 34 31 20 31 34 0A 20
31 35 20 35 46 20 35 33 20 35 34 20 34 31 20 30
30 20 41 30 20 30 39 20 39 33 20 34 38 20 34 34
20 34 31 20 34 31 20 30 30 20 41 34 20 30 30 0A
20 41 31 20 30 34 20 41 34 20 30 41 20 30 46 20
35 42 20 38 32 20 34 33 20 32 35 20 34 32 20 34
31 20 35 34 20 33 30 20 30 38 20 35 46 20 34 38
0A 20 34 39 20 34 34 20 30 43 20 34 31 20 44 30
20 30 43 20 30 41 20 30 38 20 35 46 20 35 35 20
34 39 20 34 34 20 30 30 20 31 30 20 33 31 20 35
43 0A 20 35 46 20 34 37 20 35 30 20 34 35 20 31
34 20 32 41 20 35 46 20 34 43 20 33 30 20 33 30
20 30 30 20 38 36 20 35 43 20 32 46 20 30 33 20
35 46 0A 20 35 33 20 34 32 20 35 46 20 35 30 20
34 33 20 34 39 20 33 30 20 34 32 20 34 31 20 35
34 20 33 30 20 30 41 20 38 30 20 38 36 20 35 43
20 32 46 0A 20 30 33 20 35 46 20 35 33 20 34 32
20 35 46 20 35 30 20 34 33 20 34 39 20 33 30 20
34 31 20 34 33 20 35 46 20 35 46 20 30 41 20 38
30 20 35 42 0A 20 38 30 20 34 33 20 34 32 20 34
31 20 35 34 20 30 31 20 30 42 20 34 30 20 34 30
20 30 41 20 30 38 20 35 42 20 38 31 20 31 30 20
34 33 20 34 32 0A 20 34 31 20 35 34 20 30 33 20
34 39 20 34 34 20 35 38 20 33 30 20 32 30 20 34
34 20 34 31 20 35 34 20 33 30 20 32 30 20 35 42
20 38 36 20 34 36 0A 20 30 35 20 34 39 20 34 34
20 35 38 20 33 30 20 34 34 20 34 31 20 35 34 20
33 30 20 30 33 20 35 33 20 35 34 20 34 31 20 35
34 20 32 30 20 35 30 0A 20 35 32 20 34 31 20 35
34 20 32 30 20 35 32 20 34 33 20 34 31 20 35 30
20 32 30 20 35 30 20 35 36 20 34 46 20 34 43 20
32 30 20 35 35 20 34 45 0A 20 34 39 20 35 34 20
32 30 20 34 34 20 34 33 20 34 31 20 35 30 20 32
30 20 34 43 20 34 36 20 34 33 20 35 30 20 32 30
20 34 32 20 35 34 20 34 35 0A 20 34 33 20 32 30
20 34 34 20 35 36 20 34 46 20 34 43 20 32 30 20
34 34 20 35 37 20 35 32 20 34 45 20 32 30 20 34
34 20 34 43 20 34 46 20 35 37 0A 20 32 30 20 34
37 20 35 32 20 34 45 20 33 31 20 32 30 20 34 37
20 35 32 20 34 45 20 33 32 20 32 30 20 34 32 20
35 33 20 35 34 20 34 31 20 32 30 0A 20 34 31 20
35 30 20 35 33 20 35 32 20 32 30 20 31 34 20 30
42 20 35 46 20 35 33 20 35 34 20 34 31 20 30 30
20 41 34 20 34 32 20 35 33 20 35 34 0A 20 34 31
20 30 38 20 35 30 20 34 32 20 34 39 20 34 36 20
31 32 20 32 45 20 30 44 20 30 31 20 30 43 20 46
46 20 46 46 20 46 46 20 37 46 20 30 43 0A 20 46
46 20 46 46 20 46 46 20 37 46 20 30 30 20 30 43
20 46 46 20 46 46 20 46 46 20 46 46 20 30 30 20
30 30 20 30 41 20 30 34 20 30 41 20 30 34 0A 20
30 44 20 33 31 20 30 30 20 30 44 20 33 30 20 30
30 20 30 44 20 35 36 20 34 32 20 34 46 20 35 38
20 30 30 20 30 44 20 36 39 20 36 45 20 36 45 0A
20 36 46 20 37 34 20 36 35 20 36 42 20 30 30 20
30 38 20 35 30 20 34 32 20 35 33 20 35 34 20 31
32 20 31 32 20 30 34 20 30 30 20 30 43 20 46 46
0A 20 46 46 20 46 46 20 37 46 20 30 43 20 46 46
20 46 46 20 46 46 20 37 46 20 30 43 20 46 46 20
46 46 20 46 46 20 37 46 20 31 34 20 34 45 20 30
46 0A 20 35 46 20 34 32 20 34 39 20 34 36 20 30
30 20 37 30 20 35 35 20 34 45 20 34 39 20 35 34
20 38 38 20 35 30 20 34 32 20 34 39 20 34 36 20
30 30 0A 20 30 30 20 37 30 20 34 34 20 34 33 20
34 31 20 35 30 20 38 38 20 35 30 20 34 32 20 34
39 20 34 36 20 30 31 20 30 30 20 37 30 20 34 43
20 34 36 0A 20 34 33 20 35 30 20 38 38 20 35 30
20 34 32 20 34 39 20 34 36 20 30 41 20 30 32 20
30 30 20 37 30 20 34 32 20 35 34 20 34 35 20 34
33 20 38 38 0A 20 35 30 20 34 32 20 34 39 20 34
36 20 30 41 20 30 33 20 30 30 20 37 30 20 34 34
20 35 36 20 34 46 20 34 43 20 38 38 20 35 30 20
34 32 20 34 39 0A 20 34 36 20 30 41 20 30 34 20
30 30 20 37 30 20 34 34 20 35 37 20 35 32 20 34
45 20 38 38 20 35 30 20 34 32 20 34 39 20 34 36
20 30 41 20 30 35 0A 20 30 30 20 37 30 20 34 34
20 34 43 20 34 46 20 35 37 20 38 38 20 35 30 20
34 32 20 34 39 20 34 36 20 30 41 20 30 36 20 30
30 20 37 30 20 34 37 0A 20 35 32 20 34 45 20 33
31 20 38 38 20 35 30 20 34 32 20 34 39 20 34 36
20 30 41 20 30 37 20 30 30 20 37 30 20 34 37 20
35 32 20 34 45 20 33 32 0A 20 38 38 20 35 30 20
34 32 20 34 39 20 34 36 20 30 41 20 30 38 20 30
30 20 34 34 20 34 32 20 34 37 20 35 46 20 30 44
20 35 46 20 34 32 20 34 39 0A 20 34 36 20 33 41
20 30 41 20 30 30 20 34 38 20 34 35 20 35 38 20
33 34 20 38 33 20 38 38 20 35 30 20 34 32 20 34
39 20 34 36 20 30 30 20 30 30 0A 20 34 38 20 34
35 20 35 38 20 33 34 20 38 33 20 38 38 20 35 30
20 34 32 20 34 39 20 34 36 20 30 31 20 30 30 20
34 38 20 34 35 20 35 38 20 33 34 0A 20 38 33 20
38 38 20 35 30 20 34 32 20 34 39 20 34 36 20 30
41 20 30 32 20 30 30 20 34 38 20 34 35 20 35 38
20 33 34 20 38 33 20 38 38 20 35 30 0A 20 34 32
20 34 39 20 34 36 20 30 41 20 30 33 20 30 30 20
34 38 20 34 35 20 35 38 20 33 34 20 38 33 20 38
38 20 35 30 20 34 32 20 34 39 20 34 36 0A 20 30
41 20 30 34 20 30 30 20 34 38 20 34 35 20 35 38
20 33 34 20 38 33 20 38 38 20 35 30 20 34 32 20
34 39 20 34 36 20 30 41 20 30 35 20 30 30 0A 20
34 38 20 34 35 20 35 38 20 33 34 20 38 33 20 38
38 20 35 30 20 34 32 20 34 39 20 34 36 20 30 41
20 30 36 20 30 30 20 34 38 20 34 35 20 35 38 0A
20 33 34 20 38 33 20 38 38 20 35 30 20 34 32 20
34 39 20 34 36 20 30 41 20 30 37 20 30 30 20 34
38 20 34 35 20 35 38 20 33 34 20 38 33 20 38 38
0A 20 35 30 20 34 32 20 34 39 20 34 36 20 30 41
20 30 38 20 30 30 20 41 34 20 35 30 20 34 32 20
34 39 20 34 36 20 31 34 20 33 44 20 35 46 20 34
32 0A 20 35 33 20 35 34 20 30 30 20 37 30 20 35
33 20 35 34 20 34 31 20 35 34 20 38 38 20 35 30
20 34 32 20 35 33 20 35 34 20 30 30 20 30 30 20
37 30 0A 20 35 30 20 35 32 20 34 31 20 35 34 20
38 38 20 35 30 20 34 32 20 35 33 20 35 34 20 30
31 20 30 30 20 37 30 20 35 32 20 34 33 20 34 31
20 35 30 0A 20 38 38 20 35 30 20 34 32 20 35 33
20 35 34 20 30 41 20 30 32 20 30 30 20 37 30 20
35 30 20 35 36 20 34 46 20 34 43 20 38 38 20 35
30 20 34 32 0A 20 35 33 20 35 34 20 30 41 20 30
33 20 30 30 20 41 34 20 35 30 20 34 32 20 35 33
20 35 34 20 35 42 20 38 32 20 34 34 20 30 34 20
34 31 20 34 33 0A 20 35 46 20 35 46 20 30 38 20
35 46 20 34 38 20 34 39 20 34 34 20 30 44 20 34
31 20 34 33 20 35 30 20 34 39 20 33 30 20 33 30
20 33 30 20 33 33 0A 20 30 30 20 30 38 20 35 46
20 35 35 20 34 39 20 34 34 20 30 30 20 30 38 20
35 46 20 35 30 20 34 33 20 34 43 20 31 32 20 30
36 20 30 31 20 35 46 0A 20 35 33 20 34 32 20 35
46 20 31 34 20 31 32 20 35 46 20 35 30 20 35 33
20 35 32 20 30 30 20 41 34 20 35 45 20 35 45 20
32 45 20 34 32 20 34 31 0A 20 35 34 20 33 30 20
34 31 20 35 30 20 35 33 20 35 32 20 31 34 20 30
39 20 35 46 20 35 33 20 35 34 20 34 31 20 30 30
20 41 34 20 30 41 20 30 46 0A 20 31 30 20 34 35
20 32 33 20 35 46 20 35 33 20 34 32 20 35 46 20
31 30 20 34 45 20 32 32 20 35 30 20 34 33 20 34
39 20 33 30 20 30 38 20 34 33 0A 20 35 32 20 35
33 20 35 46 20 31 31 20 34 32 20 30 37 20 30 41
20 36 45 20 38 38 20 30 44 20 30 30 20 30 32 20
30 43 20 30 30 20 30 30 20 30 30 0A 20 30 30 20
30 30 20 46 46 20 30 30 20 30 30 20 30 30 20 30
30 20 30 31 20 34 37 20 30 31 20 46 38 20 30 43
20 46 38 20 30 43 20 30 31 20 30 38 0A 20 38 38
20 30 44 20 30 30 20 30 31 20 30 43 20 30 33 20
30 30 20 30 30 20 30 30 20 30 30 20 46 37 20 30
43 20 30 30 20 30 30 20 46 38 20 30 43 0A 20 38
38 20 30 44 20 30 30 20 30 31 20 30 43 20 30 33
20 30 30 20 30 30 20 30 30 20 30 44 20 46 46 20
46 46 20 30 30 20 30 30 20 30 30 20 46 33 0A 20
38 37 20 31 37 20 30 30 20 30 30 20 30 43 20 30
33 20 30 30 20 30 30 20 30 30 20 30 30 20 30 30
20 30 30 20 30 41 20 30 30 20 46 46 20 46 46 0A
20 30 42 20 30 30 20 30 30 20 30 30 20 30 30 20
30 30 20 30 30 20 30 30 20 30 32 20 30 30 20 38
37 20 31 37 20 30 30 20 30 30 20 30 43 20 30 33
0A 20 30 30 20 30 30 20 30 30 20 30 30 20 30 30
20 30 30 20 30 30 20 45 30 20 46 46 20 46 46 20
46 46 20 46 44 20 30 30 20 30 30 20 30 30 20 30
30 0A 20 30 30 20 30 30 20 30 30 20 31 45 20 37
39 20 30 30 20 30 38 20 35 34 20 34 46 20 34 44
20 35 46 20 31 31 20 33 33 20 30 41 20 33 30 20
38 41 0A 20 32 42 20 30 30 20 30 30 20 30 43 20
30 37 20 30 30 20 30 30 20 30 30 20 30 30 20 30
30 20 30 30 20 30 30 20 30 30 20 30 30 20 30 30
20 30 30 0A 20 30 30 20 30 31 20 30 30 20 30 30
20 30 30 20 46 46 20 46 46 20 46 46 20 46 46 20
30 46 20 30 30 20 30 30 20 30 30 20 30 30 20 30
30 20 30 30 0A 20 30 30 20 30 30 20 30 30 20 30
30 20 30 30 20 30 30 20 30 30 20 30 30 20 30 30
20 30 46 20 30 30 20 30 30 20 30 30 20 37 39 20
30 30 20 31 34 0A 20 34 30 20 30 42 20 35 46 20
34 33 20 35 32 20 35 33 20 30 30 20 38 41 20 34
33 20 35 32 20 35 33 20 35 46 20 30 41 20 35 43
20 35 32 20 34 31 0A 20 34 44 20 35 34 20 38 41
20 34 33 20 35 32 20 35 33 20 35 46 20 30 41 20
36 38 20 35 32 20 34 31 20 34 44 20 35 32 20 37
30 20 34 44 20 34 35 0A 20 34 44 20 34 43 20 35
32 20 34 31 20 34 44 20 35 34 20 37 34 20 30 43
20 30 30 20 30 30 20 30 30 20 46 45 20 35 32 20
34 31 20 34 44 20 35 34 0A 20 35 32 20 34 31 20
34 44 20 35 32 20 41 30 20 34 36 20 30 37 20 39
32 20 39 33 20 35 30 20 34 44 20 34 45 20 34 45
20 30 30 20 41 30 20 34 43 0A 20 30 36 20 39 31
20 39 35 20 34 44 20 35 33 20 35 37 20 34 45 20
30 31 20 39 34 20 34 44 20 35 33 20 35 37 20 34
45 20 30 41 20 30 36 20 38 46 0A 20 35 34 20 34
46 20 34 44 20 35 46 20 30 41 20 30 45 20 35 34
20 34 44 20 33 34 20 34 45 20 38 46 20 35 34 20
34 46 20 34 44 20 35 46 20 30 41 0A 20 31 36 20
35 34 20 34 44 20 33 34 20 35 38 20 38 46 20 35
34 20 34 46 20 34 44 20 35 46 20 30 41 20 32 36
20 35 34 20 34 44 20 33 34 20 34 43 0A 20 37 37
20 35 30 20 34 44 20 34 45 20 34 45 20 30 43 20
30 30 20 30 30 20 30 31 20 30 30 20 35 34 20 34
44 20 33 34 20 34 45 20 37 34 20 37 37 0A 20 35
30 20 34 44 20 34 45 20 35 38 20 30 43 20 30 30
20 30 30 20 30 31 20 30 30 20 30 30 20 30 31 20
35 34 20 34 44 20 33 34 20 35 38 20 37 32 0A 20
37 34 20 35 34 20 34 44 20 33 34 20 35 38 20 35
34 20 34 44 20 33 34 20 34 45 20 30 30 20 30 31
20 35 34 20 34 44 20 33 34 20 34 43 20 38 34 0A
20 34 33 20 35 32 20 35 33 20 35 46 20 35 34 20
34 46 20 34 44 20 35 46 20 36 32 20 41 34 20 36
32 20 41 34 20 34 33 20 35 32 20 35 33 20 35 46
0A 20 31 34 20 34 35 20 30 43 20 35 46 20 34 46
20 35 33 20 34 33 20 30 34 20 30 38 20 35 33 20
35 35 20 35 30 20 35 30 20 30 30 20 30 38 20 34
33 0A 20 35 34 20 35 32 20 34 43 20 30 30 20 38
41 20 36 42 20 30 30 20 34 33 20 34 34 20 35 37
20 33 31 20 38 41 20 36 42 20 30 41 20 30 34 20
34 33 0A 20 34 34 20 35 37 20 33 32 20 38 41 20
36 42 20 30 41 20 30 38 20 34 33 20 34 34 20 35
37 20 33 33 20 41 30 20 34 42 20 30 38 20 39 33
20 36 38 0A 20 31 31 20 31 33 20 30 41 20 31 30
20 35 42 20 34 44 20 44 42 20 33 33 20 46 37 20
31 46 20 31 43 20 34 30 20 39 36 20 35 37 20 37
34 20 34 31 0A 20 43 30 20 33 44 20 44 37 20 36
36 20 37 30 20 34 33 20 34 34 20 35 37 20 33 32
20 35 33 20 35 35 20 35 30 20 35 30 20 37 30 20
34 33 20 34 34 0A 20 35 37 20 33 33 20 34 33 20
35 34 20 35 32 20 34 43 20 34 34 20 34 32 20 34
37 20 35 46 20 30 44 20 35 46 20 34 46 20 35 33
20 34 33 20 33 41 0A 20 32 30 20 35 33 20 35 35
20 35 30 20 35 30 20 33 44 20 30 30 20 34 38 20
34 35 20 35 38 20 33 34 20 35 33 20 35 35 20 35
30 20 35 30 20 34 34 0A 20 34 32 20 34 37 20 35
46 20 30 44 20 32 30 20 34 33 20 35 34 20 35 32
20 34 43 20 33 44 20 30 30 20 34 38 20 34 35 20
35 38 20 33 34 20 34 33 0A 20 35 34 20 35 32 20
34 43 20 34 34 20 34 32 20 34 37 20 35 46 20 30
44 20 30 41 20 30 30 20 37 42 20 34 33 20 35 34
20 35 32 20 34 43 20 30 41 0A 20 30 46 20 34 33
20 35 34 20 35 32 20 34 43 20 41 30 20 31 36 20
39 32 20 39 33 20 34 33 20 34 34 20 35 37 20 33
33 20 34 33 20 35 34 20 35 32 0A 20 34 43 20 37
44 20 34 33 20 34 34 20 35 37 20 33 31 20 30 41
20 31 30 20 34 33 20 34 34 20 35 37 20 33 31 20
37 30 20 34 33 20 35 34 20 35 32 0A 20 34 43 20
34 33 20 34 34 20 35 37 20 33 33 20 41 34 20 36
42 20 41 31 20 30 45 20 37 44 20 34 33 20 34 34
20 35 37 20 33 31 20 30 41 20 30 34 0A 20 34 33
20 34 34 20 35 37 20 33 31 20 41 34 20 36 42 20
31 30 20 34 41 20 32 45 20 35 46 20 35 33 20 34
32 20 35 46 20 35 42 20 38 31 20 32 37 0A 20 32
46 20 30 33 20 35 30 20 34 33 20 34 39 20 33 30
20 35 33 20 34 32 20 35 32 20 34 37 20 35 30 20
34 33 20 34 39 20 34 33 20 30 31 20 30 30 0A 20
34 30 20 33 30 20 35 30 20 34 39 20 35 32 20 34
31 20 30 38 20 35 30 20 34 39 20 35 32 20 34 32
20 30 38 20 35 30 20 34 39 20 35 32 20 34 33 0A
20 30 38 20 35 30 20 34 39 20 35 32 20 34 34 20
30 38 20 30 38 20 34 32 20 35 35 20 34 36 20 34
31 20 31 31 20 30 39 20 30 41 20 30 36 20 32 33
0A 20 30 30 20 38 30 20 31 38 20 37 39 20 30 30
20 38 42 20 34 32 20 35 35 20 34 36 20 34 31 20
30 31 20 34 39 20 34 33 20 35 32 20 35 33 20 31
34 0A 20 31 36 20 34 43 20 35 33 20 35 34 20 34
31 20 30 31 20 37 42 20 36 38 20 30 41 20 38 30
20 36 30 20 41 30 20 30 35 20 36 30 20 41 34 20
30 41 0A 20 30 39 20 41 31 20 30 34 20 41 34 20
30 41 20 30 42 20 31 34 20 31 37 20 34 43 20 34
33 20 35 32 20 35 33 20 30 31 20 37 42 20 36 38
20 30 41 0A 20 30 46 20 36 30 20 37 39 20 30 31
20 36 30 20 34 39 20 34 33 20 35 32 20 35 33 20
41 34 20 34 32 20 35 35 20 34 36 20 34 31 20 31
34 20 31 36 0A 20 34 43 20 35 33 20 35 32 20 35
33 20 30 31 20 38 42 20 36 38 20 30 31 20 34 39
20 35 33 20 35 32 20 35 33 20 38 32 20 34 39 20
35 33 20 35 32 0A 20 35 33 20 36 30 20 41 34 20
37 36 20 36 30 20 31 34 20 30 43 20 34 43 20 34
34 20 34 39 20 35 33 20 30 31 20 41 34 20 37 44
20 36 38 20 30 41 0A 20 38 30 20 30 30 20 35 42
20 38 32 20 34 31 20 30 43 20 34 43 20 34 45 20
34 42 20 34 31 20 30 38 20 35 46 20 34 38 20 34
39 20 34 34 20 30 43 0A 20 34 31 20 44 30 20 30
43 20 30 46 20 30 38 20 35 46 20 35 35 20 34 39
20 34 34 20 30 31 20 31 34 20 31 46 20 35 46 20
35 33 20 35 34 20 34 31 0A 20 30 30 20 34 34 20
34 32 20 34 37 20 35 46 20 30 44 20 34 43 20 34
45 20 34 42 20 34 31 20 32 45 20 35 46 20 35 33
20 35 34 20 34 31 20 30 41 0A 20 30 30 20 41 34
20 34 43 20 35 33 20 35 34 20 34 31 20 35 30 20
34 39 20 35 32 20 34 31 20 31 34 20 31 42 20 35
46 20 35 30 20 35 32 20 35 33 0A 20 30 30 20 34
34 20 34 32 20 34 37 20 35 46 20 30 44 20 34 43
20 34 45 20 34 42 20 34 31 20 32 45 20 35 46 20
35 30 20 35 32 20 35 33 20 30 41 0A 20 30 30 20
41 34 20 35 30 20 35 32 20 35 33 20 34 31 20 31
34 20 32 33 20 35 46 20 34 34 20 34 39 20 35 33
20 30 30 20 34 34 20 34 32 20 34 37 0A 20 35 46
20 30 44 20 34 43 20 34 45 20 34 42 20 34 31 20
32 45 20 35 46 20 34 34 20 34 39 20 35 33 20 30
41 20 30 30 20 37 30 20 34 43 20 34 34 0A 20 34
39 20 35 33 20 35 30 20 34 39 20 35 32 20 34 31
20 35 30 20 34 39 20 35 32 20 34 31 20 31 34 20
31 46 20 35 46 20 34 33 20 35 32 20 35 33 0A 20
30 30 20 34 34 20 34 32 20 34 37 20 35 46 20 30
44 20 34 43 20 34 45 20 34 42 20 34 31 20 32 45
20 35 46 20 34 33 20 35 32 20 35 33 20 30 41 0A
20 30 30 20 41 34 20 34 43 20 34 33 20 35 32 20
35 33 20 35 30 20 34 39 20 35 32 20 34 31 20 31
34 20 32 41 20 35 46 20 35 33 20 35 32 20 35 33
0A 20 30 31 20 34 34 20 34 32 20 34 37 20 35 46
20 30 44 20 34 43 20 34 45 20 34 42 20 34 31 20
32 45 20 35 46 20 35 33 20 35 32 20 35 33 20 33
41 0A 20 32 30 20 30 30 20 34 38 20 34 35 20 35
38 20 35 46 20 34 43 20 35 33 20 35 32 20 35 33
20 36 38 20 37 30 20 34 43 20 35 33 20 35 32 20
35 33 0A 20 36 38 20 35 30 20 34 39 20 35 32 20
34 31 20 35 42 20 38 32 20 34 32 20 30 38 20 34
43 20 34 45 20 34 42 20 34 32 20 30 38 20 35 46
20 34 38 0A 20 34 39 20 34 34 20 30 43 20 34 31
20 44 30 20 30 43 20 30 46 20 30 38 20 35 46 20
35 35 20 34 39 20 34 34 20 30 41 20 30 32 20 31
34 20 30 46 0A 20 35 46 20 35 33 20 35 34 20 34
31 20 30 30 20 41 34 20 34 43 20 35 33 20 35 34
20 34 31 20 35 30 20 34 39 20 35 32 20 34 32 20
31 34 20 30 42 0A 20 35 46 20 35 30 20 35 32 20
35 33 20 30 30 20 41 34 20 35 30 20 35 32 20 35
33 20 34 32 20 31 34 20 31 33 20 35 46 20 34 34
20 34 39 20 35 33 0A 20 30 30 20 37 30 20 34 43
20 34 34 20 34 39 20 35 33 20 35 30 20 34 39 20
35 32 20 34 32 20 35 30 20 34 39 20 35 32 20 34
32 20 31 34 20 30 46 0A 20 35 46 20 34 33 20 35
32 20 35 33 20 30 30 20 41 34 20 34 43 20 34 33
20 35 32 20 35 33 20 35 30 20 34 39 20 35 32 20
34 32 20 31 34 20 32 41 0A 20 35 46 20 35 33 20
35 32 20 35 33 20 30 31 20 34 34 20 34 32 20 34
37 20 35 46 20 30 44 20 34 43 20 34 45 20 34 42
20 34 32 20 32 45 20 35 46 0A 20 35 33 20 35 32
20 35 33 20 33 41 20 32 30 20 30 30 20 34 38 20
34 35 20 35 38 20 35 46 20 34 43 20 35 33 20 35
32 20 35 33 20 36 38 20 37 30 0A 20 34 43 20 35
33 20 35 32 20 35 33 20 36 38 20 35 30 20 34 39
20 35 32 20 34 32 20 35 42 20 38 32 20 34 32 20
30 38 20 34 43 20 34 45 20 34 42 0A 20 34 33 20
30 38 20 35 46 20 34 38 20 34 39 20 34 34 20 30
43 20 34 31 20 44 30 20 30 43 20 30 46 20 30 38
20 35 46 20 35 35 20 34 39 20 34 34 0A 20 30 41
20 30 33 20 31 34 20 30 46 20 35 46 20 35 33 20
35 34 20 34 31 20 30 30 20 41 34 20 34 43 20 35
33 20 35 34 20 34 31 20 35 30 20 34 39 0A 20 35
32 20 34 33 20 31 34 20 30 42 20 35 46 20 35 30
20 35 32 20 35 33 20 30 30 20 41 34 20 35 30 20
35 32 20 35 33 20 34 33 20 31 34 20 31 33 0A 20
35 46 20 34 34 20 34 39 20 35 33 20 30 30 20 37
30 20 34 43 20 34 34 20 34 39 20 35 33 20 35 30
20 34 39 20 35 32 20 34 33 20 35 30 20 34 39 0A
20 35 32 20 34 33 20 31 34 20 30 46 20 35 46 20
34 33 20 35 32 20 35 33 20 30 30 20 41 34 20 34
43 20 34 33 20 35 32 20 35 33 20 35 30 20 34 39
0A 20 35 32 20 34 33 20 31 34 20 32 41 20 35 46
20 35 33 20 35 32 20 35 33 20 30 31 20 34 34 20
34 32 20 34 37 20 35 46 20 30 44 20 34 43 20 34
45 0A 20 34 42 20 34 33 20 32 45 20 35 46 20 35
33 20 35 32 20 35 33 20 33 41 20 32 30 20 30 30
20 34 38 20 34 35 20 35 38 20 35 46 20 34 43 20
35 33 0A 20 35 32 20 35 33 20 36 38 20 37 30 20
34 43 20 35 33 20 35 32 20 35 33 20 36 38 20 35
30 20 34 39 20 35 32 20 34 33 20 35 42 20 38 32
20 34 32 0A 20 30 38 20 34 43 20 34 45 20 34 42
20 34 34 20 30 38 20 35 46 20 34 38 20 34 39 20
34 34 20 30 43 20 34 31 20 44 30 20 30 43 20 30
46 20 30 38 0A 20 35 46 20 35 35 20 34 39 20 34
34 20 30 41 20 30 34 20 31 34 20 30 46 20 35 46
20 35 33 20 35 34 20 34 31 20 30 30 20 41 34 20
34 43 20 35 33 0A 20 35 34 20 34 31 20 35 30 20
34 39 20 35 32 20 34 34 20 31 34 20 30 42 20 35
46 20 35 30 20 35 32 20 35 33 20 30 30 20 41 34
20 35 30 20 35 32 0A 20 35 33 20 34 34 20 31 34
20 31 33 20 35 46 20 34 34 20 34 39 20 35 33 20
30 30 20 37 30 20 34 43 20 34 34 20 34 39 20 35
33 20 35 30 20 34 39 0A 20 35 32 20 34 31 20 35
30 20 34 39 20 35 32 20 34 34 20 31 34 20 30 46
20 35 46 20 34 33 20 35 32 20 35 33 20 30 30 20
41 34 20 34 43 20 34 33 0A 20 35 32 20 35 33 20
35 30 20 34 39 20 35 32 20 34 34 20 31 34 20 32
41 20 35 46 20 35 33 20 35 32 20 35 33 20 30 31
20 34 34 20 34 32 20 34 37 0A 20 35 46 20 30 44
20 34 43 20 34 45 20 34 42 20 34 34 20 32 45 20
35 46 20 35 33 20 35 32 20 35 33 20 33 41 20 32
30 20 30 30 20 34 38 20 34 35 0A 20 35 38 20 35
46 20 34 43 20 35 33 20 35 32 20 35 33 20 36 38
20 37 30 20 34 43 20 35 33 20 35 32 20 35 33 20
36 38 20 35 30 20 34 39 20 35 32 0A 20 34 34 20
30 38 20 35 46 20 35 33 20 33 30 20 35 46 20 31
32 20 30 34 20 30 32 20 30 30 20 30 30 20 41 30
20 31 33 20 37 42 20 35 30 20 35 37 0A 20 35 32
20 35 33 20 30 41 20 30 32 20 30 30 20 30 38 20
35 46 20 35 33 20 33 31 20 35 46 20 31 32 20 30
34 20 30 32 20 30 31 20 30 31 20 41 30 0A 20 31
35 20 37 42 20 35 30 20 35 37 20 35 32 20 35 33
20 30 41 20 31 30 20 30 30 20 30 38 20 35 46 20
35 33 20 33 34 20 35 46 20 31 32 20 30 36 0A 20
30 32 20 30 41 20 30 35 20 30 41 20 30 35 20 30
38 20 35 46 20 35 33 20 33 35 20 35 46 20 31 32
20 30 36 20 30 32 20 30 41 20 30 35 20 30 41 0A
20 30 35 20 31 34 20 32 33 20 35 46 20 35 30 20
35 34 20 35 33 20 30 31 20 34 34 20 34 32 20 34
37 20 35 46 20 30 44 20 35 30 20 37 32 20 36 35
0A 20 37 30 20 36 31 20 37 32 20 36 35 20 32 30
20 37 34 20 36 46 20 32 30 20 37 33 20 36 43 20
36 35 20 36 35 20 37 30 20 33 41 20 32 30 20 30
30 0A 20 34 38 20 34 35 20 35 38 20 35 46 20 36
38 0A
